LIG	1	N	4.841	27.576	5.310
LIG	2	C	5.733	26.394	5.165
LIG	3	C	7.174	26.772	5.504
LIG	4	O	7.624	27.887	5.218
LIG	5	C	5.638	25.818	3.750
LIG	6	C	5.827	26.846	2.652
LIG	7	C	5.625	26.275	1.262
LIG	8	O	4.663	25.497	1.065
LIG	9	O	6.425	26.620	0.363
LIG	10	N	7.873	25.856	6.163
LIG	11	C	9.258	26.072	6.560
LIG	12	C	10.101	24.918	6.047
LIG	13	O	10.182	23.864	6.682
LIG	14	C	9.346	26.196	8.079
LIG	15	C	8.649	27.441	8.588
LIG	16	O	9.270	28.518	8.521
LIG	17	O	7.474	27.357	9.012
LIG	18	N	10.686	25.115	4.869
LIG	19	C	11.498	24.093	4.226
LIG	20	C	12.984	24.399	4.268
LIG	21	O	13.784	23.442	4.192
LIG	22	C	11.038	23.922	2.785
LIG	23	C	9.583	23.466	2.770
LIG	24	C	8.819	24.197	1.708
LIG	25	C	9.521	21.955	2.602
LIG	26	O	13.334	25.592	4.378
LIG	27	H	3.895	27.313	5.084
LIG	28	H	5.146	28.305	4.684
LIG	29	H	4.878	27.911	6.260
LIG	30	H	5.402	25.621	5.875
LIG	31	H	4.645	25.361	3.628
LIG	32	H	6.413	25.046	3.638
LIG	33	H	6.849	27.248	2.720
LIG	34	H	5.102	27.659	2.805
LIG	35	H	7.434	24.988	6.395
LIG	36	H	9.622	27.007	6.109
LIG	37	H	10.406	26.238	8.371
LIG	38	H	8.874	25.313	8.535
LIG	39	H	10.564	25.995	4.410
LIG	40	H	11.335	23.145	4.760
LIG	41	H	11.664	23.168	2.287
LIG	42	H	11.128	24.881	2.255
LIG	43	H	9.131	23.717	3.741
LIG	44	H	7.773	23.858	1.710
LIG	45	H	9.269	23.992	0.726
LIG	46	H	8.854	25.278	1.909
LIG	47	H	10.097	21.473	3.406
LIG	48	H	9.948	21.677	1.627
LIG	49	H	8.473	21.623	2.651
PRT	50	C	6.722	30.813	4.215
PRT	51	O	5.623	30.222	4.202
PRT	52	H	4.755	29.772	2.758
PRT	53	O	4.198	28.951	7.758
PRT	54	O	3.240	26.136	7.098
PRT	55	O	2.466	27.866	4.093
PRT	56	H	4.041	24.547	7.994
PRT	57	O	6.116	23.671	6.504
PRT	58	H	8.948	29.527	5.573
PRT	59	N	9.434	30.446	5.562
PRT	60	C	8.645	31.678	5.628
PRT	61	C	7.137	31.421	5.521
PRT	62	O	7.454	30.931	3.209
PRT	63	H	8.834	30.481	7.865
PRT	64	O	8.848	28.866	2.119
PRT	65	N	6.093	30.241	0.667
PRT	66	H	6.620	30.267	1.563
PRT	67	C	4.795	29.965	0.715
PRT	68	N	4.203	29.736	1.877
PRT	69	H	3.186	29.520	1.909
PRT	70	C	6.026	23.917	-1.828
PRT	71	C	5.757	22.575	6.947
PRT	72	C	11.489	29.136	5.484
PRT	73	O	11.004	21.155	6.538
PRT	74	C	7.402	21.323	5.660
PRT	75	C	9.818	21.719	9.808
PRT	76	C	8.539	21.460	9.024
PRT	77	O	6.189	29.986	9.425
PRT	78	C	10.765	30.482	5.488
PRT	79	C	12.196	28.944	6.818
PRT	80	N	8.895	31.505	8.035
PRT	81	C	9.028	31.976	9.412
PRT	82	C	10.378	31.659	10.056
PRT	83	O	11.223	30.976	9.477
PRT	84	C	7.945	31.336	10.299
PRT	85	C	6.610	31.151	9.587
PRT	86	C	4.898	25.884	10.909
PRT	87	C	4.463	27.284	11.333
PRT	88	C	6.955	25.893	12.425
PRT	89	C	12.178	28.178	3.344
PRT	90	O	11.107	27.580	3.202
PRT	91	O	14.535	24.296	1.789
PRT	92	O	15.413	27.271	4.884
PRT	93	O	14.999	26.534	6.915
PRT	94	C	15.325	25.224	1.561
PRT	95	O	15.806	25.931	2.467
PRT	96	C	8.492	23.719	-1.523
PRT	97	C	7.648	19.850	5.421
PRT	98	N	8.903	19.470	5.202
PRT	99	H	9.657	20.186	5.198
PRT	100	C	11.077	18.432	3.264
PRT	101	C	15.491	27.364	6.131
PRT	102	N	14.434	28.890	2.605
PRT	103	H	15.238	28.468	3.111
PRT	104	C	13.270	28.077	2.292
PRT	105	N	12.440	28.953	4.393
PRT	106	H	13.355	29.446	4.437
PRT	107	N	4.222	23.695	8.562
PRT	108	C	4.615	22.461	7.924
PRT	109	N	6.303	21.417	6.600
PRT	110	C	12.788	26.775	10.152
PRT	111	C	9.527	22.571	11.042
PRT	112	C	12.126	22.655	-1.071
PRT	113	C	14.057	20.741	0.197
PRT	114	C	10.955	26.923	-0.353
PRT	115	C	5.564	20.782	1.202
PRT	116	H	7.649	20.779	-0.929
PRT	117	C	7.334	23.419	-2.440
PRT	118	C	9.246	18.070	4.967
PRT	119	C	10.765	17.904	4.662
PRT	120	O	9.466	18.837	-0.546
PRT	121	H	8.718	19.430	-0.809
PRT	122	C	7.020	18.977	1.501
PRT	123	C	5.992	19.808	2.230
INT	1	50	3.9
INT	1	51	3.0
INT	1	52	3.4
INT	1	53	2.9
INT	1	54	2.8
INT	1	55	2.7
INT	2	51	3.9
INT	2	53	4.0
INT	2	54	3.2
INT	2	55	3.7
INT	2	56	3.8
INT	2	57	3.1
INT	3	57	3.4
INT	3	58	3.3
INT	4	50	3.2
INT	4	51	3.2
INT	4	58	2.1
INT	4	59	3.2
INT	4	60	3.9
INT	4	61	3.6
INT	4	62	3.7
INT	4	63	3.9
INT	4	64	3.5
INT	5	55	3.8
INT	5	57	3.5
INT	6	51	3.7
INT	6	52	3.1
INT	6	55	3.8
INT	6	64	3.7
INT	6	65	3.9
INT	6	66	3.7
INT	6	67	3.8
INT	6	68	3.4
INT	6	69	3.8
INT	7	52	3.9
INT	7	67	3.8
INT	7	68	3.8
INT	7	70	3.9
INT	8	70	3.6
INT	9	64	3.7
INT	9	65	3.6
INT	9	66	3.8
INT	9	67	3.7
INT	9	70	3.5
INT	10	57	2.8
INT	10	58	3.9
INT	10	71	4.0
INT	11	57	4.0
INT	11	58	3.6
INT	11	72	3.9
INT	12	73	3.9
INT	13	73	2.8
INT	13	74	3.9
INT	13	75	3.8
INT	13	76	3.7
INT	15	58	3.7
INT	15	63	3.1
INT	15	77	3.6
INT	16	58	3.1
INT	16	59	3.5
INT	16	63	2.1
INT	16	72	3.8
INT	16	77	3.5
INT	16	78	3.9
INT	16	79	3.4
INT	16	80	3.0
INT	16	81	3.6
INT	16	82	3.7
INT	16	83	3.3
INT	16	84	3.6
INT	16	85	3.9
INT	17	53	3.9
INT	17	63	3.6
INT	17	77	3.0
INT	17	85	3.9
INT	17	86	3.5
INT	17	87	3.8
INT	17	88	3.7
INT	18	89	3.7
INT	18	90	3.0
INT	19	73	3.8
INT	19	90	3.7
INT	19	91	3.9
INT	20	89	4.0
INT	20	90	3.8
INT	20	91	2.9
INT	20	92	3.8
INT	20	93	4.0
INT	20	94	3.7
INT	20	95	3.7
INT	21	91	2.7
INT	21	94	3.5
INT	21	95	3.6
INT	22	90	3.7
INT	22	91	3.7
INT	24	96	3.3
INT	25	74	3.8
INT	25	97	4.0
INT	25	98	3.6
INT	25	99	3.1
INT	25	100	3.9
INT	26	89	3.0
INT	26	90	3.2
INT	26	91	3.1
INT	26	92	2.7
INT	26	93	3.2
INT	26	94	3.5
INT	26	95	3.1
INT	26	101	3.3
INT	26	102	3.9
INT	26	103	3.7
INT	26	104	3.2
INT	26	105	3.5
INT	26	106	3.9
INT	27	51	3.5
INT	27	52	3.5
INT	27	53	3.2
INT	27	54	2.4
INT	27	55	1.8
INT	27	69	3.9
INT	28	50	3.0
INT	28	51	2.0
INT	28	52	2.5
INT	28	53	3.3
INT	28	54	3.8
INT	28	55	2.8
INT	28	61	3.8
INT	28	62	3.8
INT	28	66	4.0
INT	28	68	3.3
INT	28	69	3.6
INT	29	51	3.2
INT	29	52	4.0
INT	29	53	1.9
INT	29	54	2.6
INT	29	55	3.2
INT	29	56	3.9
INT	30	54	2.5
INT	30	56	2.7
INT	30	57	2.2
INT	30	71	3.2
INT	30	107	3.5
INT	30	108	3.8
INT	31	54	3.8
INT	31	55	3.4
INT	31	57	3.6
INT	32	57	3.2
INT	33	50	3.9
INT	33	51	3.5
INT	33	52	3.3
INT	33	62	3.8
INT	33	64	2.6
INT	33	65	3.7
INT	33	66	3.2
INT	33	67	4.0
INT	33	68	3.7
INT	34	50	3.8
INT	34	51	3.0
INT	34	52	2.1
INT	34	55	2.9
INT	34	64	4.0
INT	34	65	3.5
INT	34	66	3.3
INT	34	67	3.1
INT	34	68	2.4
INT	34	69	2.8
INT	35	56	3.8
INT	35	57	1.9
INT	35	71	3.0
INT	35	74	3.7
INT	35	109	3.8
INT	36	58	2.7
INT	36	59	3.5
INT	36	63	4.0
INT	36	72	2.9
INT	36	78	3.7
INT	36	79	3.3
INT	36	89	3.9
INT	36	90	3.3
INT	36	105	3.8
INT	37	79	3.6
INT	37	110	3.0
INT	38	57	3.8
INT	38	75	3.9
INT	38	76	3.9
INT	38	111	3.8
INT	39	72	3.4
INT	39	89	2.9
INT	39	90	2.1
INT	39	105	3.5
INT	40	73	2.7
INT	40	99	3.4
INT	41	91	3.1
INT	41	112	3.4
INT	41	113	4.0
INT	42	89	3.6
INT	42	90	2.9
INT	42	91	3.5
INT	42	104	3.8
INT	42	114	3.3
INT	43	74	3.5
INT	43	99	3.9
INT	44	70	3.9
INT	44	96	3.3
INT	44	115	3.8
INT	45	96	2.4
INT	45	112	3.6
INT	45	114	3.5
INT	45	116	4.0
INT	45	117	3.8
INT	46	64	3.6
INT	46	90	3.5
INT	46	96	3.8
INT	46	114	3.5
INT	47	73	3.3
INT	47	74	3.5
INT	47	97	3.6
INT	47	98	2.9
INT	47	99	2.2
INT	47	100	3.2
INT	47	118	3.8
INT	47	119	3.8
INT	48	99	3.9
INT	48	100	3.8
INT	48	112	3.6
INT	48	116	3.6
INT	48	120	3.6
INT	48	121	3.5
INT	48	122	4.0
INT	49	74	3.2
INT	49	97	3.4
INT	49	98	3.4
INT	49	99	3.2
INT	49	115	3.4
INT	49	116	3.8
INT	49	122	3.2
INT	49	123	3.1
