LIG	1	C	15.604	7.057	-2.284
LIG	2	C	15.976	5.740	-1.594
LIG	3	O	15.472	4.694	-1.984
LIG	4	N	16.825	5.620	-0.583
LIG	5	C	17.801	6.430	0.103
LIG	6	C	17.416	7.683	0.626
LIG	7	C	18.339	8.488	1.294
LIG	8	C	19.699	8.085	1.479
LIG	9	C	20.090	6.805	0.942
LIG	10	C	19.151	5.991	0.264
LIG	11	N	20.651	9.002	2.209
LIG	12	C	20.346	9.766	3.311
LIG	13	C	21.505	10.603	3.794
LIG	14	C	22.662	10.221	2.808
LIG	15	C	21.953	9.223	1.883
LIG	16	O	19.267	9.825	3.888
LIG	17	O	22.566	8.709	0.945
LIG	18	C	21.311	12.229	3.791
LIG	19	C	21.023	12.755	2.291
LIG	20	C	22.225	12.300	1.329
LIG	21	C	23.724	12.453	3.415
LIG	22	C	22.670	12.844	4.246
LIG	23	C	23.344	11.489	2.161
LIG	24	N	24.437	10.994	1.286
LIG	25	C	25.712	10.832	1.563
LIG	26	O	26.240	11.085	2.643
LIG	27	O	26.327	10.320	0.432
LIG	28	C	27.752	10.026	0.447
LIG	29	C	28.208	9.228	-0.769
LIG	30	O	29.148	8.404	-0.634
LIG	31	O	27.626	9.415	-1.869
LIG	32	H	14.880	6.858	-3.088
LIG	33	H	16.508	7.516	-2.711
LIG	34	H	15.157	7.742	-1.549
LIG	35	H	16.774	4.706	-0.181
LIG	36	H	16.394	8.023	0.507
LIG	37	H	18.016	9.447	1.684
LIG	38	H	21.112	6.463	1.059
LIG	39	H	19.457	5.031	-0.135
LIG	40	H	21.758	10.299	4.820
LIG	41	H	23.454	9.688	3.354
LIG	42	H	20.494	12.523	4.466
LIG	43	H	20.078	12.326	1.926
LIG	44	H	20.950	13.853	2.294
LIG	45	H	21.826	11.653	0.534
LIG	46	H	22.685	13.192	0.879
LIG	47	H	24.183	13.365	3.007
LIG	48	H	24.458	11.919	4.036
LIG	49	H	22.885	12.512	5.272
LIG	50	H	22.589	13.941	4.225
LIG	51	H	24.165	10.749	0.355
LIG	52	H	27.981	9.446	1.353
LIG	53	H	28.306	10.976	0.471
PRT	54	O	13.143	6.599	0.442
PRT	55	C	15.037	10.809	-3.415
PRT	56	O	15.336	9.736	-4.007
PRT	57	N	17.387	10.028	-1.255
PRT	58	H	16.828	9.175	-1.234
PRT	59	C	19.093	8.508	-2.144
PRT	60	H	17.347	10.186	-3.995
PRT	61	O	12.273	7.451	-1.940
PRT	62	H	19.271	5.724	-3.700
PRT	63	O	12.530	4.343	-3.466
PRT	64	N	16.258	7.423	4.094
PRT	65	H	16.182	8.321	3.615
PRT	66	O	15.616	9.812	2.375
PRT	67	C	15.449	11.015	-0.151
PRT	68	C	16.856	11.145	-0.756
PRT	69	C	18.731	9.963	-1.832
PRT	70	C	15.582	11.039	2.294
PRT	71	C	22.305	6.088	4.083
PRT	72	C	20.524	8.329	-2.629
PRT	73	C	20.856	6.868	-2.837
PRT	74	C	21.109	6.213	4.810
PRT	75	H	18.981	10.576	5.980
PRT	76	C	22.129	7.867	6.221
PRT	77	C	21.009	7.097	5.878
PRT	78	O	20.423	12.207	7.195
PRT	79	C	22.385	8.847	7.226
PRT	80	C	23.317	7.718	5.470
PRT	81	N	24.250	8.573	5.999
PRT	82	C	23.416	6.828	4.394
PRT	83	O	22.625	10.837	-1.515
PRT	84	C	17.359	7.185	4.999
PRT	85	C	16.852	7.907	6.226
PRT	86	O	16.262	8.979	6.090
PRT	87	N	18.634	10.912	6.878
PRT	88	H	17.738	10.580	7.236
PRT	89	C	17.103	12.215	3.861
PRT	90	C	21.803	14.267	-1.709
PRT	91	H	25.207	8.689	5.665
PRT	92	H	25.747	12.082	-3.042
PRT	93	N	26.180	12.936	-2.689
PRT	94	H	27.196	13.018	-2.660
PRT	95	N	20.092	6.282	-3.936
PRT	96	N	18.193	10.750	-4.081
PRT	97	C	14.419	11.645	-1.088
PRT	98	C	14.034	10.753	-2.261
PRT	99	O	14.104	2.367	1.193
PRT	100	C	14.200	6.886	2.974
PRT	101	C	15.345	6.485	3.880
PRT	102	N	15.467	11.697	1.141
PRT	103	C	15.650	11.896	3.544
PRT	104	O	17.438	12.238	-0.762
PRT	105	C	19.343	11.776	7.577
PRT	106	C	21.421	9.333	8.261
PRT	107	C	23.684	9.247	7.052
PRT	108	C	18.939	15.488	6.479
PRT	109	C	19.442	14.731	-0.958
PRT	110	C	22.682	16.409	1.754
PRT	111	C	18.699	15.741	-0.115
PRT	112	O	19.267	16.754	0.288
PRT	113	C	20.813	15.301	-1.300
PRT	114	H	23.709	12.958	-2.671
PRT	115	C	23.174	14.860	-1.869
PRT	116	N	24.102	13.827	-2.308
PRT	117	C	23.544	16.298	6.337
PRT	118	N	22.090	13.889	8.706
PRT	119	H	21.335	13.315	8.330
PRT	120	C	23.421	13.570	8.680
PRT	121	C	24.069	12.442	8.163
PRT	122	C	25.437	12.387	8.280
PRT	123	C	24.978	15.873	6.335
INT	1	54	3.7
INT	1	55	4.0
INT	1	56	3.2
INT	1	57	3.6
INT	1	58	2.7
INT	1	59	3.8
INT	1	60	4.0
INT	1	61	3.4
INT	2	54	3.6
INT	2	58	3.6
INT	2	62	3.9
INT	3	54	3.9
INT	3	63	3.3
INT	4	54	3.9
INT	4	58	3.6
INT	4	59	4.0
INT	4	62	4.0
INT	5	57	3.9
INT	5	58	3.2
INT	5	59	3.3
INT	6	57	3.0
INT	6	58	2.5
INT	6	59	3.3
INT	6	64	3.7
INT	6	65	3.3
INT	6	66	3.3
INT	6	67	3.9
INT	6	68	3.8
INT	6	69	3.6
INT	7	57	3.1
INT	7	58	3.0
INT	7	59	3.5
INT	7	64	3.6
INT	7	65	3.2
INT	7	66	3.2
INT	7	68	3.7
INT	7	69	3.5
INT	7	70	3.9
INT	8	59	3.7
INT	8	69	3.9
INT	9	59	3.7
INT	9	71	3.9
INT	9	72	3.9
INT	9	73	3.9
INT	10	59	3.5
INT	10	62	4.0
INT	10	72	4.0
INT	10	73	3.6
INT	11	71	3.8
INT	11	74	3.8
INT	12	74	3.9
INT	12	75	3.1
INT	12	76	3.9
INT	12	77	3.8
INT	13	75	3.3
INT	13	76	3.7
INT	13	78	3.9
INT	13	79	4.0
INT	13	80	3.8
INT	14	80	3.7
INT	14	81	3.9
INT	14	82	3.8
INT	15	71	3.8
INT	15	82	3.8
INT	15	83	3.8
INT	16	64	3.9
INT	16	65	3.4
INT	16	66	4.0
INT	16	75	2.2
INT	16	77	3.8
INT	16	84	3.4
INT	16	85	3.9
INT	16	86	3.8
INT	16	87	3.2
INT	16	88	3.8
INT	16	89	3.2
INT	17	83	3.3
INT	18	75	3.6
INT	18	78	3.5
INT	20	83	3.2
INT	20	90	3.6
INT	22	78	3.8
INT	23	83	3.8
INT	24	83	3.3
INT	26	91	4.0
INT	27	92	3.9
INT	31	92	3.5
INT	31	93	3.9
INT	31	94	3.7
INT	32	54	3.9
INT	32	55	4.0
INT	32	56	3.1
INT	32	58	3.5
INT	32	61	2.9
INT	32	63	3.5
INT	33	55	3.7
INT	33	56	2.8
INT	33	57	3.0
INT	33	58	2.2
INT	33	59	2.8
INT	33	60	3.1
INT	33	62	3.4
INT	33	69	3.4
INT	33	95	4.0
INT	33	96	3.9
INT	34	54	3.1
INT	34	55	3.6
INT	34	56	3.2
INT	34	57	3.2
INT	34	58	2.2
INT	34	61	2.9
INT	34	67	3.6
INT	34	68	3.9
INT	34	97	4.0
INT	34	98	3.3
INT	35	99	3.8
INT	36	54	3.5
INT	36	57	2.8
INT	36	58	2.1
INT	36	59	3.8
INT	36	64	3.6
INT	36	65	3.1
INT	36	66	2.7
INT	36	67	3.2
INT	36	68	3.4
INT	36	69	3.8
INT	36	70	3.6
INT	36	100	3.5
INT	36	101	3.9
INT	36	102	3.8
INT	37	57	3.1
INT	37	58	3.2
INT	37	64	3.6
INT	37	65	2.9
INT	37	66	2.5
INT	37	67	3.5
INT	37	68	3.2
INT	37	69	3.6
INT	37	70	3.0
INT	37	89	3.6
INT	37	102	3.4
INT	37	103	3.9
INT	37	104	3.8
INT	38	71	3.3
INT	38	73	3.9
INT	38	74	3.8
INT	39	62	3.6
INT	39	73	3.6
INT	40	75	3.0
INT	40	76	2.8
INT	40	77	3.5
INT	40	78	3.3
INT	40	79	2.9
INT	40	80	3.1
INT	40	81	3.3
INT	40	82	3.9
INT	40	87	3.8
INT	40	91	3.9
INT	40	105	4.0
INT	40	106	3.6
INT	40	107	3.1
INT	41	71	3.8
INT	41	76	3.6
INT	41	80	2.9
INT	41	81	3.0
INT	41	82	3.0
INT	41	91	3.1
INT	41	107	3.7
INT	42	75	2.9
INT	42	78	2.7
INT	42	87	3.4
INT	42	89	3.5
INT	42	105	3.4
INT	42	108	3.9
INT	43	89	3.6
INT	43	104	3.8
INT	43	109	3.8
INT	44	109	3.7
INT	44	110	3.1
INT	44	111	3.8
INT	44	112	3.9
INT	44	113	3.9
INT	45	83	2.3
INT	45	90	3.4
INT	45	114	3.9
INT	46	83	3.4
INT	46	90	2.9
INT	46	110	3.3
INT	46	113	3.6
INT	46	114	3.7
INT	46	115	3.3
INT	46	116	3.5
INT	47	110	3.6
INT	48	81	3.9
INT	48	91	3.7
INT	49	78	3.1
INT	49	107	3.8
INT	49	117	4.0
INT	49	118	3.8
INT	49	119	3.5
INT	49	120	3.6
INT	49	121	3.1
INT	49	122	3.9
INT	50	110	3.5
INT	50	117	3.3
INT	50	123	3.7
INT	51	83	2.4
INT	51	92	4.0
INT	51	114	3.8
INT	53	94	3.9
