LIG	1	N	102.486	24.870	-2.909
LIG	2	P	101.522	25.886	-2.428
LIG	3	O	100.983	25.470	-1.079
LIG	4	O	100.350	26.250	-3.273
LIG	5	O	102.409	27.149	-2.136
LIG	6	P	102.980	27.819	-0.775
LIG	7	O	103.932	26.873	-0.157
LIG	8	O	101.850	28.318	0.057
LIG	9	O	103.718	29.017	-1.498
LIG	10	C	104.864	28.849	-2.367
LIG	11	C	105.993	29.899	-2.100
LIG	12	O	105.482	31.183	-2.439
LIG	13	C	106.463	30.062	-0.657
LIG	14	O	107.873	30.193	-0.594
LIG	15	C	105.735	31.266	-0.096
LIG	16	O	106.298	31.889	1.059
LIG	17	C	105.582	32.139	-1.349
LIG	18	N	104.315	32.943	-1.510
LIG	19	C	103.000	32.536	-1.354
LIG	20	N	102.073	33.446	-1.556
LIG	21	C	102.807	34.596	-1.889
LIG	22	C	102.366	35.971	-2.236
LIG	23	O	101.206	36.385	-2.306
LIG	24	N	103.448	36.888	-2.522
LIG	25	C	104.839	36.556	-2.481
LIG	26	N	105.733	37.517	-2.767
LIG	27	N	105.280	35.271	-2.157
LIG	28	C	104.205	34.323	-1.866
LIG	29	H	102.165	23.959	-3.167
LIG	30	H	103.458	25.095	-2.976
LIG	31	H	104.531	28.951	-3.410
LIG	32	H	105.278	27.842	-2.211
LIG	33	H	106.857	29.642	-2.730
LIG	34	H	106.177	29.171	-0.079
LIG	35	H	108.141	30.293	0.312
LIG	36	H	104.732	30.940	0.216
LIG	37	H	107.175	32.193	0.858
LIG	38	H	106.456	32.800	-1.442
LIG	39	H	102.747	31.513	-1.078
LIG	40	H	103.205	37.826	-2.767
LIG	41	H	106.741	37.306	-2.745
LIG	42	H	105.411	38.465	-3.008
PRT	43	C	102.154	23.716	-6.614
PRT	44	C	102.992	24.993	-6.654
PRT	45	C	103.669	22.442	-5.051
PRT	46	N	103.122	25.637	-5.495
PRT	47	H	102.635	25.250	-4.661
PRT	48	C	103.913	26.861	-5.328
PRT	49	H	98.928	25.223	-3.777
PRT	50	H	99.136	23.722	-4.544
PRT	51	H	101.396	28.601	-4.178
PRT	52	N	98.937	28.768	-2.565
PRT	53	H	99.504	28.068	-3.084
PRT	54	N	98.602	24.614	-4.554
PRT	55	H	99.189	27.204	-0.452
PRT	56	N	98.488	27.735	0.103
PRT	57	C	99.633	26.702	1.990
PRT	58	O	99.445	25.452	1.309
PRT	59	H	98.555	25.084	1.538
PRT	60	N	102.018	28.153	-6.202
PRT	61	H	101.523	27.241	-6.276
PRT	62	N	101.088	29.594	-4.202
PRT	63	C	99.427	29.991	-2.379
PRT	64	C	97.622	28.384	-2.058
PRT	65	C	97.262	26.961	-2.523
PRT	66	C	97.106	26.810	-4.027
PRT	67	C	97.151	24.324	-4.381
PRT	68	H	98.752	25.099	-5.462
PRT	69	C	103.270	28.189	-5.739
PRT	70	C	100.796	30.278	-2.955
PRT	71	H	100.289	29.437	0.889
PRT	72	C	98.545	27.677	1.552
PRT	73	C	98.776	29.033	2.210
PRT	74	N	99.739	29.787	1.699
PRT	75	C	100.036	31.097	2.256
PRT	76	C	101.164	31.757	1.469
PRT	77	S	102.791	31.072	1.854
PRT	78	O	103.916	29.245	-5.632
PRT	79	H	103.933	31.783	-4.779
PRT	80	N	103.117	32.416	-4.905
PRT	81	C	104.962	34.989	3.156
PRT	82	C	104.237	34.566	2.052
PRT	83	H	102.167	32.103	-4.620
PRT	84	C	102.874	34.856	1.966
PRT	85	C	99.233	35.216	0.542
PRT	86	C	102.052	34.491	-5.581
PRT	87	C	103.289	33.629	-5.432
PRT	88	H	99.446	36.272	-4.726
PRT	89	C	101.334	36.943	-5.544
PRT	90	C	102.405	35.928	-5.929
PRT	91	O	102.751	39.460	-3.277
PRT	92	H	101.401	39.269	-2.087
PRT	93	N	99.011	37.265	-0.766
PRT	94	H	99.386	36.679	-1.539
PRT	95	N	100.933	37.964	0.791
PRT	96	H	100.999	37.834	-0.239
PRT	97	N	100.016	36.314	-5.595
PRT	98	C	98.848	39.006	-2.420
PRT	99	C	98.649	38.516	-1.009
PRT	100	O	100.898	40.001	-1.650
PRT	101	C	98.891	36.701	0.567
PRT	102	C	103.670	40.300	-3.384
PRT	103	O	104.871	40.007	-3.194
PRT	104	C	103.196	38.830	0.563
PRT	105	C	106.287	36.782	-5.833
PRT	106	C	106.871	38.111	-6.282
PRT	107	C	107.012	39.067	-5.111
PRT	108	O	104.388	34.049	-5.785
PRT	109	C	103.087	22.488	-6.462
PRT	110	C	105.259	26.708	-6.032
PRT	111	H	101.809	40.177	-5.174
PRT	112	C	103.309	41.740	-3.747
INT	1	43	3.9
INT	1	44	3.8
INT	1	45	3.4
INT	1	46	2.8
INT	1	47	1.8
INT	1	48	3.4
INT	1	49	3.7
INT	1	50	3.9
INT	2	46	3.5
INT	2	47	2.6
INT	2	48	3.9
INT	2	49	3.0
INT	2	50	3.9
INT	2	51	3.2
INT	2	52	3.9
INT	2	53	3.0
INT	2	54	3.8
INT	2	55	3.3
INT	3	47	4.0
INT	3	49	3.4
INT	3	53	3.6
INT	3	55	2.6
INT	3	56	3.6
INT	3	57	3.6
INT	3	58	2.8
INT	3	59	3.6
INT	4	46	3.6
INT	4	47	2.9
INT	4	49	1.8
INT	4	50	3.1
INT	4	51	2.7
INT	4	52	3.0
INT	4	53	2.0
INT	4	54	2.7
INT	4	55	3.2
INT	4	60	3.9
INT	4	61	3.4
INT	4	62	3.5
INT	4	63	4.0
INT	4	64	3.7
INT	4	65	3.3
INT	4	66	3.4
INT	4	67	3.9
INT	4	68	2.9
INT	5	46	3.8
INT	5	47	3.2
INT	5	48	3.5
INT	5	51	2.7
INT	5	52	3.9
INT	5	53	3.2
INT	5	55	3.6
INT	5	62	3.5
INT	5	69	3.8
INT	5	70	3.6
INT	6	51	3.8
INT	6	55	3.9
INT	6	70	3.9
INT	6	71	3.6
INT	8	52	3.9
INT	8	53	3.9
INT	8	55	2.9
INT	8	56	3.4
INT	8	57	3.4
INT	8	58	3.9
INT	8	63	3.8
INT	8	70	3.7
INT	8	71	2.1
INT	8	72	3.7
INT	8	73	3.8
INT	8	74	3.1
INT	8	75	4.0
INT	8	76	3.8
INT	8	77	3.4
INT	9	51	3.6
INT	9	62	3.8
INT	9	70	3.5
INT	10	48	3.7
INT	10	51	3.9
INT	10	69	3.8
INT	10	78	3.4
INT	10	79	3.9
INT	11	79	3.9
INT	12	79	2.9
INT	12	80	3.6
INT	15	77	3.5
INT	16	77	3.7
INT	16	81	4.0
INT	16	82	3.5
INT	17	79	3.8
INT	18	79	3.5
INT	18	80	3.6
INT	18	82	3.9
INT	18	83	3.9
INT	19	70	3.5
INT	19	76	3.5
INT	19	77	3.5
INT	19	79	3.6
INT	19	80	3.6
INT	19	83	3.4
INT	20	70	3.7
INT	20	76	3.6
INT	20	80	3.7
INT	20	83	3.3
INT	20	84	3.9
INT	20	85	3.9
INT	21	80	3.7
INT	21	83	3.8
INT	21	84	3.9
INT	21	86	3.8
INT	21	87	3.7
INT	22	86	3.7
INT	22	88	3.8
INT	22	89	3.6
INT	22	90	3.7
INT	22	91	3.7
INT	22	92	3.4
INT	22	93	3.9
INT	22	94	3.1
INT	22	95	3.9
INT	22	96	3.1
INT	23	85	3.7
INT	23	86	3.9
INT	23	88	3.0
INT	23	89	3.3
INT	23	90	3.8
INT	23	91	3.6
INT	23	92	2.9
INT	23	93	2.8
INT	23	94	2.0
INT	23	95	3.5
INT	23	96	2.5
INT	23	97	3.5
INT	23	98	3.5
INT	23	99	3.6
INT	23	100	3.7
INT	23	101	3.7
INT	24	89	3.7
INT	24	90	3.7
INT	24	91	2.8
INT	24	92	3.2
INT	24	96	3.5
INT	24	102	3.5
INT	24	103	3.5
INT	24	104	3.7
INT	25	91	3.7
INT	25	103	3.5
INT	25	105	3.7
INT	26	91	3.6
INT	26	102	3.5
INT	26	103	2.7
INT	26	105	3.2
INT	26	106	3.7
INT	26	107	3.1
INT	27	108	3.9
INT	28	79	3.9
INT	28	80	3.7
INT	28	82	3.9
INT	28	87	3.7
INT	28	108	3.9
INT	29	43	3.5
INT	29	44	3.7
INT	29	45	2.8
INT	29	46	3.0
INT	29	47	2.0
INT	29	49	3.5
INT	29	50	3.3
INT	29	54	3.9
INT	29	109	3.7
INT	30	44	3.7
INT	30	45	3.4
INT	30	46	2.6
INT	30	47	1.9
INT	30	48	3.0
INT	30	110	3.9
INT	31	48	2.9
INT	31	51	3.2
INT	31	60	3.8
INT	31	62	3.6
INT	31	69	2.8
INT	31	70	4.0
INT	31	78	2.3
INT	31	79	3.2
INT	31	110	3.5
INT	32	48	3.5
INT	32	78	3.9
INT	32	110	4.0
INT	36	76	3.9
INT	36	77	2.5
INT	37	82	4.0
INT	39	63	3.9
INT	39	70	3.0
INT	39	71	3.8
INT	39	76	3.0
INT	39	77	3.0
INT	39	79	3.9
INT	39	80	3.9
INT	39	83	3.6
INT	40	89	3.5
INT	40	90	3.8
INT	40	91	1.8
INT	40	92	2.4
INT	40	96	3.4
INT	40	100	3.4
INT	40	102	2.6
INT	40	103	2.8
INT	40	104	3.5
INT	40	111	3.6
INT	41	103	3.3
INT	41	105	3.2
INT	41	106	3.6
INT	41	107	3.0
INT	42	91	2.9
INT	42	102	2.6
INT	42	103	1.6
INT	42	105	3.4
INT	42	106	3.6
INT	42	107	2.7
INT	42	112	4.0
