LIG	1	N	-18.629	72.496	64.781
LIG	2	C	-17.659	72.843	65.692
LIG	3	N	-17.434	72.188	66.828
LIG	4	C	-18.265	71.135	66.971
LIG	5	C	-19.264	70.708	66.118
LIG	6	C	-19.496	71.412	64.920
LIG	7	O	-20.335	71.177	64.046
LIG	8	N	-19.900	69.584	66.623
LIG	9	N	-19.289	69.356	67.760
LIG	10	C	-18.282	70.263	68.034
LIG	11	C	-17.551	69.797	69.239
LIG	12	C	-16.412	70.730	69.634
LIG	13	O	-15.204	69.995	69.656
LIG	14	C	-16.846	71.330	70.995
LIG	15	O	-16.116	70.800	72.122
LIG	16	C	-18.319	70.954	71.113
LIG	17	O	-18.459	69.746	70.329
LIG	18	C	-19.287	72.022	70.609
LIG	19	O	-20.656	71.580	70.556
LIG	20	H	-18.719	73.061	63.961
LIG	21	H	-17.036	73.708	65.470
LIG	22	H	-20.674	69.051	66.202
LIG	23	H	-17.144	68.794	69.043
LIG	24	H	-16.309	71.542	68.899
LIG	25	H	-15.275	69.289	70.288
LIG	26	H	-16.724	72.423	70.977
LIG	27	H	-15.190	70.984	72.013
LIG	28	H	-18.555	70.748	72.168
LIG	29	H	-18.979	72.321	69.596
LIG	30	H	-19.228	72.890	71.282
LIG	31	H	-20.725	70.835	69.971
PRT	32	H	-17.738	69.065	63.601
PRT	33	C	-19.838	74.619	67.940
PRT	34	C	-20.725	73.572	67.685
PRT	35	O	-16.294	70.251	64.256
PRT	36	C	-15.596	72.890	62.761
PRT	37	O	-18.786	74.868	63.550
PRT	38	C	-15.158	70.424	63.893
PRT	39	C	-14.303	70.475	66.166
PRT	40	C	-13.655	71.695	66.817
PRT	41	C	-15.004	73.888	68.692
PRT	42	S	-16.295	74.731	69.653
PRT	43	N	-18.492	68.384	63.381
PRT	44	C	-19.423	68.688	62.318
PRT	45	O	-22.491	69.841	63.224
PRT	46	O	-22.451	73.116	63.687
PRT	47	C	-23.168	69.148	63.973
PRT	48	O	-22.992	69.058	65.281
PRT	49	C	-19.520	72.009	60.304
PRT	50	H	-18.773	67.301	69.148
PRT	51	C	-17.515	67.092	65.153
PRT	52	C	-18.571	67.257	64.088
PRT	53	O	-21.903	66.504	66.833
PRT	54	H	-22.604	67.082	66.439
PRT	55	H	-23.087	69.349	68.168
PRT	56	C	-17.324	66.105	67.348
PRT	57	O	-16.414	66.877	67.667
PRT	58	O	-19.182	66.536	69.625
PRT	59	N	-17.915	66.136	66.160
PRT	60	O	-21.427	68.942	70.366
PRT	61	H	-14.589	67.440	70.028
PRT	62	N	-13.304	71.611	68.096
PRT	63	H	-13.464	70.734	68.632
PRT	64	C	-13.746	73.602	69.495
PRT	65	O	-13.152	69.997	70.767
PRT	66	N	-13.572	67.289	69.869
PRT	67	H	-13.170	67.416	68.918
PRT	68	C	-13.916	69.125	66.790
PRT	69	C	-12.689	72.774	68.737
PRT	70	C	-12.600	70.465	71.846
PRT	71	O	-13.185	71.196	72.612
PRT	72	C	-16.486	73.744	74.798
PRT	73	C	-17.571	72.695	75.044
PRT	74	H	-13.535	73.236	73.119
PRT	75	S	-19.166	73.141	74.310
PRT	76	N	-20.373	68.628	73.353
PRT	77	H	-19.533	68.150	72.970
PRT	78	H	-21.256	68.648	72.803
PRT	79	N	-22.249	73.352	71.591
PRT	80	C	-22.618	73.248	72.904
PRT	81	C	-23.033	74.237	70.997
PRT	82	O	-13.476	72.716	66.162
PRT	83	O	-16.972	76.720	63.256
PRT	84	O	-19.427	66.397	63.913
PRT	85	N	-23.385	68.602	68.827
PRT	86	N	-16.965	64.925	69.441
PRT	87	H	-16.891	65.727	70.098
PRT	88	C	-17.848	65.051	68.312
PRT	89	C	-19.244	65.426	68.761
PRT	90	C	-12.786	66.934	70.881
PRT	91	N	-13.313	66.774	72.091
PRT	92	H	-14.331	66.927	72.239
PRT	93	C	-15.365	76.102	70.383
PRT	94	C	-15.068	73.270	75.167
PRT	95	N	-13.357	74.106	73.660
PRT	96	C	-20.319	69.212	74.542
PRT	97	N	-19.183	69.173	75.229
PRT	98	H	-18.351	68.691	74.832
PRT	99	C	-19.142	76.272	71.884
PRT	100	H	-22.734	68.273	69.569
INT	1	32	3.7
INT	1	33	4.0
INT	1	34	3.7
INT	1	35	3.3
INT	1	36	3.7
INT	1	37	2.7
INT	2	33	3.6
INT	2	34	3.7
INT	2	35	3.3
INT	2	36	3.6
INT	2	37	3.2
INT	2	38	3.9
INT	3	33	3.6
INT	3	34	3.7
INT	3	35	3.4
INT	3	39	3.6
INT	3	40	3.8
INT	3	41	3.5
INT	3	42	4.0
INT	4	32	4.0
INT	4	33	3.9
INT	4	34	3.5
INT	4	35	3.5
INT	5	32	3.4
INT	5	34	3.6
INT	5	35	3.5
INT	5	43	3.7
INT	6	32	3.2
INT	6	34	3.7
INT	6	35	3.5
INT	6	37	3.8
INT	6	43	3.5
INT	6	44	3.8
INT	6	45	3.8
INT	6	46	3.6
INT	7	32	3.4
INT	7	43	3.4
INT	7	44	3.2
INT	7	45	2.7
INT	7	46	2.9
INT	7	47	3.5
INT	7	48	3.6
INT	7	49	3.9
INT	8	32	3.8
INT	8	43	3.7
INT	8	48	3.4
INT	8	50	3.6
INT	8	51	3.7
INT	8	52	3.7
INT	8	53	3.7
INT	8	54	3.7
INT	8	55	3.5
INT	9	50	2.5
INT	9	51	3.9
INT	9	53	4.0
INT	9	55	3.8
INT	9	56	3.8
INT	9	57	3.8
INT	9	58	3.4
INT	9	59	3.8
INT	9	60	3.4
INT	10	50	3.2
INT	10	57	3.9
INT	11	50	2.8
INT	11	57	3.5
INT	11	58	3.7
INT	11	61	3.9
INT	12	41	3.6
INT	12	61	3.8
INT	12	62	3.6
INT	12	63	3.1
INT	12	64	3.9
INT	12	65	3.5
INT	13	39	3.6
INT	13	40	3.7
INT	13	57	3.9
INT	13	61	2.7
INT	13	62	2.9
INT	13	63	2.1
INT	13	64	3.9
INT	13	65	2.3
INT	13	66	3.2
INT	13	67	3.4
INT	13	68	3.3
INT	13	69	3.9
INT	13	70	3.4
INT	13	71	3.8
INT	14	41	3.9
INT	14	42	3.7
INT	14	65	3.9
INT	15	65	3.4
INT	15	70	3.5
INT	15	71	3.0
INT	15	72	4.0
INT	15	73	3.8
INT	15	74	3.7
INT	16	60	3.8
INT	16	75	4.0
INT	16	76	3.8
INT	16	77	3.6
INT	17	50	2.7
INT	17	58	3.4
INT	17	60	3.1
INT	17	76	3.7
INT	17	77	3.3
INT	17	78	3.9
INT	18	33	3.8
INT	18	34	3.6
INT	18	60	3.8
INT	18	75	3.9
INT	18	79	3.4
INT	19	34	3.5
INT	19	60	2.8
INT	19	78	3.7
INT	19	79	2.6
INT	19	80	3.5
INT	19	81	3.6
INT	20	35	3.7
INT	20	36	3.3
INT	20	37	1.9
INT	20	46	3.7
INT	20	49	3.9
INT	21	33	3.8
INT	21	35	3.7
INT	21	36	3.2
INT	21	37	2.8
INT	21	41	3.8
INT	21	82	3.8
INT	21	83	3.7
INT	22	32	3.9
INT	22	43	3.6
INT	22	45	3.6
INT	22	47	3.3
INT	22	48	2.5
INT	22	50	3.9
INT	22	51	3.9
INT	22	52	3.5
INT	22	53	2.9
INT	22	54	2.8
INT	22	55	3.1
INT	22	84	3.7
INT	22	85	3.8
INT	23	50	2.2
INT	23	56	3.2
INT	23	57	2.5
INT	23	58	3.1
INT	23	59	4.0
INT	23	61	3.1
INT	23	66	4.0
INT	23	68	4.0
INT	23	86	3.9
INT	23	87	3.3
INT	23	88	3.9
INT	23	89	4.0
INT	24	39	3.6
INT	24	40	3.4
INT	24	41	2.7
INT	24	42	3.3
INT	24	62	3.1
INT	24	63	3.0
INT	24	64	3.3
INT	24	65	4.0
INT	24	69	3.8
INT	25	57	3.7
INT	25	61	2.0
INT	25	62	3.8
INT	25	63	2.8
INT	25	65	2.3
INT	25	66	2.7
INT	25	67	3.1
INT	25	68	3.8
INT	25	70	3.3
INT	25	71	3.7
INT	25	87	3.9
INT	25	90	3.5
INT	25	91	3.7
INT	25	92	3.2
INT	26	41	3.2
INT	26	42	2.7
INT	26	64	3.5
INT	26	74	3.9
INT	26	93	4.0
INT	27	63	3.8
INT	27	64	3.9
INT	27	65	2.6
INT	27	70	2.6
INT	27	71	2.1
INT	27	74	3.0
INT	27	94	3.9
INT	27	95	4.0
INT	28	60	3.8
INT	28	73	3.6
INT	28	75	3.3
INT	28	76	3.0
INT	28	77	2.9
INT	28	78	3.5
INT	28	96	3.3
INT	28	97	3.5
INT	28	98	3.4
INT	29	33	3.0
INT	29	34	2.9
INT	29	42	3.6
INT	29	79	4.0
INT	30	33	3.8
INT	30	34	4.0
INT	30	42	3.8
INT	30	75	3.0
INT	30	79	3.1
INT	30	80	3.8
INT	30	99	3.4
INT	31	34	3.6
INT	31	55	3.3
INT	31	60	2.1
INT	31	78	3.6
INT	31	79	3.4
INT	31	85	3.7
INT	31	100	3.3
