LIG	1	C	33.945	22.824	27.575
LIG	2	C	33.920	23.170	26.040
LIG	3	O	33.883	24.589	25.923
LIG	4	C	32.629	22.586	25.382
LIG	5	O	32.893	22.675	23.997
LIG	6	C	32.568	21.114	25.758
LIG	7	O	31.444	20.526	25.119
LIG	8	C	32.540	20.878	27.265
LIG	9	C	32.374	19.439	27.716
LIG	10	O	33.434	18.667	27.141
LIG	11	O	33.686	21.436	27.897
LIG	12	N	35.241	23.150	28.148
LIG	13	C	35.063	23.988	29.175
LIG	14	O	36.020	24.419	29.870
LIG	15	N	33.811	24.356	29.431
LIG	16	C	33.060	23.672	28.497
LIG	17	O	31.844	23.772	28.471
LIG	18	H	34.814	22.764	25.543
LIG	19	H	33.867	24.830	25.004
LIG	20	H	31.716	23.125	25.676
LIG	21	H	32.150	22.337	23.512
LIG	22	H	33.476	20.630	25.369
LIG	23	H	31.534	20.615	24.177
LIG	24	H	31.661	21.423	27.640
LIG	25	H	31.403	19.051	27.375
LIG	26	H	32.426	19.384	28.813
LIG	27	H	34.270	19.009	27.437
LIG	28	H	36.122	22.804	27.826
LIG	29	H	33.488	24.985	30.138
PRT	30	H	36.630	25.490	26.435
PRT	31	O	37.099	21.960	26.316
PRT	32	O	32.211	25.206	23.299
PRT	33	H	35.314	23.518	22.583
PRT	34	H	33.416	21.366	22.571
PRT	35	O	31.837	26.280	26.914
PRT	36	O	35.947	24.992	24.038
PRT	37	C	36.113	27.188	27.450
PRT	38	O	34.899	26.950	27.638
PRT	39	N	36.957	26.398	26.823
PRT	40	O	33.412	27.206	24.521
PRT	41	H	32.970	26.565	23.909
PRT	42	N	30.789	21.057	22.299
PRT	43	H	31.430	21.069	23.118
PRT	44	O	29.681	24.329	26.350
PRT	45	O	29.304	21.592	26.212
PRT	46	C	34.749	23.453	20.594
PRT	47	C	31.732	24.520	21.027
PRT	48	C	31.616	25.465	22.231
PRT	49	N	35.295	22.951	21.712
PRT	50	C	35.871	21.587	21.702
PRT	51	C	34.821	20.496	21.294
PRT	52	C	36.402	21.247	23.076
PRT	53	N	33.614	20.666	21.828
PRT	54	C	31.245	20.513	21.191
PRT	55	C	29.462	21.647	22.485
PRT	56	O	31.677	17.160	25.358
PRT	57	C	32.495	18.548	22.249
PRT	58	H	30.510	18.494	22.061
PRT	59	C	28.516	20.501	22.981
PRT	60	O	28.765	19.359	22.616
PRT	61	N	30.756	21.708	30.708
PRT	62	C	31.556	20.686	31.382
PRT	63	N	35.354	18.197	28.938
PRT	64	C	31.737	15.727	29.148
PRT	65	C	36.878	20.084	28.312
PRT	66	C	36.519	18.902	29.145
PRT	67	C	35.300	17.249	29.879
PRT	68	C	35.007	16.333	24.587
PRT	69	C	35.594	15.981	25.945
PRT	70	C	35.510	17.764	24.268
PRT	71	C	31.435	15.929	25.227
PRT	72	H	32.947	15.329	26.439
PRT	73	H	31.094	22.691	30.660
PRT	74	C	32.889	21.383	31.767
PRT	75	C	38.048	21.215	26.510
PRT	76	C	39.051	24.030	28.190
PRT	77	H	36.029	27.382	31.009
PRT	78	O	36.137	26.031	32.345
PRT	79	O	32.377	25.275	31.769
PRT	80	O	38.139	23.605	31.668
PRT	81	N	36.140	28.242	30.435
PRT	82	O	29.972	26.010	29.157
PRT	83	N	28.703	23.708	30.101
PRT	84	H	29.078	24.556	29.630
PRT	85	C	28.831	22.455	29.389
PRT	86	C	29.565	21.363	30.143
PRT	87	C	33.993	28.227	23.779
PRT	88	H	30.540	26.875	25.403
PRT	89	C	32.575	19.765	21.267
PRT	90	O	31.271	17.874	21.930
PRT	91	O	29.221	20.177	30.121
PRT	92	C	29.796	16.872	30.196
PRT	93	C	29.491	15.608	28.056
PRT	94	C	37.873	19.845	27.140
PRT	95	N	39.306	21.675	26.269
PRT	96	C	39.500	23.056	25.815
PRT	97	C	32.386	28.339	30.075
PRT	98	O	32.768	28.289	28.889
PRT	99	O	31.608	27.509	30.641
PRT	100	O	33.947	25.641	34.026
INT	1	30	4.0
INT	1	31	3.5
INT	2	30	3.6
INT	2	31	3.4
INT	2	32	3.8
INT	2	33	3.7
INT	2	34	3.9
INT	2	35	3.8
INT	2	36	3.4
INT	3	30	2.9
INT	3	32	3.2
INT	3	33	3.8
INT	3	35	2.8
INT	3	36	2.8
INT	3	37	3.7
INT	3	38	3.1
INT	3	39	3.7
INT	3	40	3.0
INT	3	41	3.0
INT	4	32	3.4
INT	4	33	4.0
INT	4	34	3.2
INT	4	42	3.9
INT	4	43	3.0
INT	4	44	3.6
INT	4	45	3.6
INT	5	32	2.7
INT	5	33	2.9
INT	5	34	2.0
INT	5	36	3.8
INT	5	41	3.9
INT	5	42	3.2
INT	5	43	2.3
INT	5	46	4.0
INT	5	47	3.7
INT	5	48	3.5
INT	5	49	3.3
INT	5	50	3.9
INT	5	51	4.0
INT	5	52	3.9
INT	5	53	3.0
INT	5	54	3.9
INT	5	55	3.9
INT	6	34	3.3
INT	6	42	3.9
INT	6	43	2.9
INT	6	45	3.3
INT	7	34	3.3
INT	7	42	2.9
INT	7	43	2.1
INT	7	45	2.6
INT	7	53	3.9
INT	7	54	3.9
INT	7	55	3.5
INT	7	56	3.4
INT	7	57	3.6
INT	7	58	3.8
INT	7	59	3.6
INT	7	60	3.8
INT	8	45	3.5
INT	8	61	4.0
INT	9	56	3.4
INT	9	62	4.0
INT	9	63	3.5
INT	10	56	2.9
INT	10	63	2.7
INT	10	64	3.9
INT	10	65	3.9
INT	10	66	3.7
INT	10	67	3.6
INT	10	68	3.8
INT	10	69	3.6
INT	10	70	3.7
INT	10	71	3.9
INT	10	72	3.4
INT	11	31	3.8
INT	11	63	3.8
INT	11	65	3.5
INT	11	73	4.0
INT	11	74	4.0
INT	12	30	3.2
INT	12	31	2.9
INT	12	38	3.8
INT	12	39	3.9
INT	12	65	3.5
INT	12	75	3.8
INT	12	76	3.9
INT	13	30	3.5
INT	13	37	3.8
INT	13	38	3.3
INT	13	39	3.9
INT	13	77	4.0
INT	13	78	3.9
INT	13	79	3.9
INT	13	80	4.0
INT	14	30	3.6
INT	14	37	3.7
INT	14	38	3.6
INT	14	39	3.8
INT	14	76	3.5
INT	14	77	3.2
INT	14	78	3.0
INT	14	80	2.9
INT	14	81	3.9
INT	15	35	3.7
INT	15	38	3.3
INT	15	73	3.4
INT	15	74	3.9
INT	15	79	2.9
INT	16	35	3.3
INT	16	38	3.9
INT	16	61	3.7
INT	16	73	3.1
INT	16	74	4.0
INT	16	79	3.7
INT	16	82	3.9
INT	17	35	3.0
INT	17	44	3.1
INT	17	61	3.2
INT	17	73	2.6
INT	17	79	3.7
INT	17	82	3.0
INT	17	83	3.5
INT	17	84	3.1
INT	17	85	3.4
INT	17	86	3.7
INT	18	30	3.4
INT	18	31	2.5
INT	18	33	3.1
INT	18	34	3.6
INT	18	36	2.9
INT	18	49	3.9
INT	18	52	3.3
INT	18	75	3.7
INT	19	30	3.2
INT	19	32	2.4
INT	19	33	3.1
INT	19	35	3.1
INT	19	36	2.3
INT	19	38	3.5
INT	19	39	3.9
INT	19	40	2.5
INT	19	41	2.2
INT	19	48	3.6
INT	19	87	3.6
INT	19	88	3.9
INT	20	32	3.2
INT	20	34	4.0
INT	20	35	3.4
INT	20	43	3.3
INT	20	44	2.5
INT	20	45	2.9
INT	20	88	3.9
INT	21	32	2.9
INT	21	33	3.5
INT	21	34	1.9
INT	21	42	2.2
INT	21	43	1.5
INT	21	45	4.0
INT	21	47	3.3
INT	21	48	3.4
INT	21	49	3.7
INT	21	51	3.9
INT	21	53	2.8
INT	21	54	3.1
INT	21	55	3.0
INT	21	89	3.4
INT	22	31	4.0
INT	22	34	2.9
INT	22	43	3.1
INT	22	52	3.8
INT	22	53	3.5
INT	22	56	3.9
INT	22	57	3.9
INT	22	70	3.7
INT	23	34	2.6
INT	23	42	2.1
INT	23	43	1.2
INT	23	45	3.2
INT	23	53	3.1
INT	23	54	3.0
INT	23	55	2.9
INT	23	56	3.7
INT	23	57	3.0
INT	23	58	3.2
INT	23	59	3.2
INT	23	60	3.4
INT	23	89	3.2
INT	23	90	3.6
INT	24	44	3.7
INT	24	45	2.8
INT	24	61	3.2
INT	24	62	3.8
INT	24	73	3.3
INT	24	85	3.5
INT	24	86	3.3
INT	24	91	3.7
INT	25	45	3.5
INT	25	56	2.8
INT	25	64	3.8
INT	25	71	3.8
INT	25	91	3.7
INT	25	92	3.9
INT	25	93	4.0
INT	26	61	3.4
INT	26	62	3.0
INT	26	63	3.2
INT	26	64	3.7
INT	26	67	3.7
INT	26	74	3.6
INT	26	86	3.7
INT	26	91	3.6
INT	26	92	3.9
INT	27	56	3.8
INT	27	63	2.0
INT	27	65	3.0
INT	27	66	2.8
INT	27	67	3.2
INT	27	68	4.0
INT	27	69	3.6
INT	27	70	3.6
INT	27	94	3.7
INT	28	30	3.1
INT	28	31	2.0
INT	28	39	3.8
INT	28	65	2.9
INT	28	75	2.8
INT	28	76	3.2
INT	28	94	3.5
INT	28	95	3.7
INT	28	96	3.9
INT	29	35	3.8
INT	29	38	3.5
INT	29	73	3.4
INT	29	74	4.0
INT	29	77	3.6
INT	29	78	3.6
INT	29	79	2.0
INT	29	82	3.8
INT	29	97	3.5
INT	29	98	3.6
INT	29	99	3.2
INT	29	100	4.0
