LIG	1	N	185.937	8.210	65.803
LIG	2	C	185.047	7.250	65.086
LIG	3	C	184.097	7.988	64.126
LIG	4	C	183.490	7.081	63.070
LIG	5	C	182.514	7.810	62.168
LIG	6	N	182.270	7.045	60.921
LIG	7	H	186.548	7.702	66.424
LIG	8	H	185.375	8.854	66.337
LIG	9	H	186.489	8.721	65.132
LIG	10	H	184.451	6.693	65.824
LIG	11	H	185.667	6.548	64.509
LIG	12	H	184.661	8.785	63.620
LIG	13	H	183.282	8.433	64.715
LIG	14	H	182.959	6.260	63.574
LIG	15	H	184.301	6.668	62.452
LIG	16	H	182.929	8.795	61.910
LIG	17	H	181.561	7.942	62.701
LIG	18	H	181.619	7.549	60.339
LIG	19	H	181.885	6.142	61.151
LIG	20	H	183.139	6.924	60.425
PRT	21	C	186.123	10.812	62.864
PRT	22	C	186.633	11.324	64.082
PRT	23	C	187.829	10.863	64.642
PRT	24	C	188.025	9.348	62.754
PRT	25	C	188.508	9.880	63.965
PRT	26	H	182.352	9.462	66.955
PRT	27	H	187.179	10.381	68.716
PRT	28	C	184.978	7.493	69.323
PRT	29	C	184.248	6.895	68.306
PRT	30	C	184.279	5.504	68.149
PRT	31	C	184.405	10.920	67.822
PRT	32	O	185.394	10.693	68.541
PRT	33	O	184.110	10.168	66.877
PRT	34	O	187.782	7.211	67.503
PRT	35	C	185.789	3.501	65.180
PRT	36	C	186.550	4.207	64.192
PRT	37	C	187.752	4.613	64.805
PRT	38	C	186.328	4.542	62.852
PRT	39	C	184.895	11.505	62.595
PRT	40	C	186.839	9.806	62.196
PRT	41	C	181.027	9.977	65.618
PRT	42	O	181.677	4.429	61.588
PRT	43	O	183.688	3.673	61.079
PRT	44	C	180.520	5.315	64.807
PRT	45	O	181.600	4.824	64.111
PRT	46	H	181.318	4.038	63.578
PRT	47	O	184.816	7.663	59.730
PRT	48	C	183.965	11.265	61.436
PRT	49	O	181.928	8.925	58.983
PRT	50	O	179.060	7.846	60.185
PRT	51	C	180.360	10.741	62.985
PRT	52	C	179.891	9.544	63.534
PRT	53	C	180.217	9.157	64.838
PRT	54	C	181.652	9.481	57.910
PRT	55	C	179.168	8.736	59.327
PRT	56	C	179.911	6.942	57.770
PRT	57	C	182.480	3.486	61.368
PRT	58	O	184.635	5.256	59.344
PRT	59	O	188.151	10.512	68.578
PRT	60	N	187.728	4.165	66.098
PRT	61	H	188.480	4.309	66.802
PRT	62	C	188.729	5.336	64.125
PRT	63	C	185.749	6.726	70.193
PRT	64	N	185.762	12.284	64.528
PRT	65	C	184.388	2.974	65.040
PRT	66	C	186.551	3.495	66.314
PRT	67	C	185.034	4.723	69.021
PRT	68	C	187.302	5.268	62.174
PRT	69	C	188.489	5.655	62.815
PRT	70	C	184.720	12.388	63.628
PRT	71	C	181.165	11.563	63.780
PRT	72	C	181.506	11.189	65.103
PRT	73	O	181.369	9.558	66.893
PRT	74	C	180.527	5.368	66.198
PRT	75	C	179.412	5.750	64.098
PRT	76	C	184.131	12.213	60.261
PRT	77	C	180.070	11.100	61.541
PRT	78	H	183.379	7.928	57.083
PRT	79	N	180.492	9.282	57.292
PRT	80	C	179.465	8.397	57.864
PRT	81	N	179.036	10.027	59.607
PRT	82	H	178.194	6.103	60.066
PRT	83	O	183.533	6.137	57.132
INT	1	21	3.9
INT	1	22	3.6
INT	1	23	3.5
INT	1	24	3.9
INT	1	25	3.6
INT	1	26	4.0
INT	1	27	3.8
INT	1	28	3.7
INT	1	29	3.3
INT	1	30	3.9
INT	1	31	3.7
INT	1	32	3.7
INT	1	33	2.9
INT	1	34	2.7
INT	2	26	4.0
INT	2	29	3.3
INT	2	30	3.6
INT	2	33	3.5
INT	2	34	3.7
INT	2	35	3.8
INT	2	36	3.5
INT	2	37	3.8
INT	2	38	3.7
INT	3	21	3.7
INT	3	26	3.6
INT	3	33	3.5
INT	3	39	3.9
INT	3	40	3.8
INT	3	41	4.0
INT	4	38	3.8
INT	4	42	3.5
INT	4	43	4.0
INT	4	44	3.9
INT	4	45	3.1
INT	4	46	3.8
INT	4	47	3.6
INT	5	42	3.5
INT	5	45	3.7
INT	5	47	3.4
INT	5	48	3.8
INT	5	49	3.4
INT	5	50	4.0
INT	5	51	3.7
INT	5	52	3.4
INT	5	53	3.8
INT	6	42	2.8
INT	6	43	3.7
INT	6	45	3.9
INT	6	47	2.9
INT	6	49	2.7
INT	6	50	3.4
INT	6	54	3.9
INT	6	55	3.9
INT	6	56	3.9
INT	6	57	3.6
INT	6	58	3.4
INT	7	23	3.8
INT	7	25	3.8
INT	7	27	3.6
INT	7	28	3.3
INT	7	29	3.1
INT	7	30	3.6
INT	7	32	3.8
INT	7	33	3.5
INT	7	34	1.7
INT	7	37	3.7
INT	7	59	3.9
INT	7	60	3.7
INT	7	61	3.9
INT	7	62	4.0
INT	7	63	4.0
INT	8	22	3.6
INT	8	23	3.6
INT	8	26	3.1
INT	8	27	3.4
INT	8	28	3.3
INT	8	29	3.0
INT	8	30	4.0
INT	8	31	2.7
INT	8	32	2.9
INT	8	33	1.9
INT	8	34	3.1
INT	8	59	3.9
INT	8	64	3.9
INT	9	21	3.1
INT	9	22	2.8
INT	9	23	2.6
INT	9	24	2.9
INT	9	25	2.6
INT	9	33	3.3
INT	9	34	3.1
INT	9	40	3.1
INT	9	64	3.7
INT	10	26	3.7
INT	10	28	3.6
INT	10	29	2.5
INT	10	30	2.6
INT	10	33	3.6
INT	10	34	3.8
INT	10	35	3.5
INT	10	36	3.6
INT	10	45	3.8
INT	10	65	3.8
INT	10	66	3.9
INT	10	67	3.8
INT	11	34	3.7
INT	11	35	3.1
INT	11	36	2.5
INT	11	37	2.9
INT	11	38	2.7
INT	11	60	3.5
INT	11	62	3.3
INT	11	65	3.8
INT	11	66	3.7
INT	11	68	3.1
INT	11	69	3.4
INT	12	21	2.6
INT	12	22	3.2
INT	12	23	3.9
INT	12	24	3.5
INT	12	33	3.6
INT	12	39	2.9
INT	12	40	2.8
INT	12	48	3.4
INT	12	64	3.8
INT	12	70	3.6
INT	13	26	2.6
INT	13	33	2.9
INT	13	41	2.9
INT	13	52	3.8
INT	13	53	3.2
INT	13	71	3.9
INT	13	72	3.3
INT	13	73	3.1
INT	14	38	3.9
INT	14	42	3.0
INT	14	43	3.7
INT	14	44	2.9
INT	14	45	2.0
INT	14	46	2.8
INT	14	57	3.6
INT	14	65	3.9
INT	14	74	3.7
INT	14	75	3.6
INT	15	36	3.8
INT	15	38	3.0
INT	15	42	3.6
INT	15	43	3.4
INT	15	45	3.7
INT	15	47	2.9
INT	15	57	3.8
INT	15	58	3.4
INT	15	68	3.3
INT	16	21	3.9
INT	16	39	3.4
INT	16	47	3.1
INT	16	48	2.7
INT	16	49	3.1
INT	16	51	3.4
INT	16	52	3.5
INT	16	71	3.8
INT	16	76	4.0
INT	16	77	3.7
INT	17	41	3.6
INT	17	42	3.7
INT	17	44	3.5
INT	17	45	3.4
INT	17	49	3.9
INT	17	50	3.5
INT	17	51	3.1
INT	17	52	2.5
INT	17	53	2.8
INT	17	71	3.8
INT	17	75	3.4
INT	17	77	3.7
INT	18	42	3.4
INT	18	47	3.3
INT	18	49	2.0
INT	18	50	2.6
INT	18	54	3.1
INT	18	55	2.9
INT	18	56	3.1
INT	18	58	3.9
INT	18	78	3.7
INT	18	79	3.7
INT	18	80	3.4
INT	18	81	3.7
INT	18	82	3.7
INT	18	83	4.0
INT	19	42	1.8
INT	19	43	3.1
INT	19	44	4.0
INT	19	45	3.3
INT	19	46	3.3
INT	19	47	3.6
INT	19	49	3.5
INT	19	50	3.4
INT	19	56	4.0
INT	19	57	2.7
INT	19	58	3.4
INT	19	75	3.9
INT	19	82	3.8
INT	20	42	3.1
INT	20	43	3.4
INT	20	47	2.0
INT	20	49	2.7
INT	20	54	3.9
INT	20	57	3.6
INT	20	58	2.5
INT	20	78	3.5
INT	20	83	3.4
