LIG	1	N	26.435	90.180	73.331
LIG	2	C	25.447	89.252	73.265
LIG	3	N	24.176	89.542	73.422
LIG	4	C	23.978	90.846	73.649
LIG	5	C	24.926	91.832	73.732
LIG	6	C	26.286	91.518	73.567
LIG	7	O	27.292	92.238	73.588
LIG	8	N	24.293	93.024	73.972
LIG	9	C	22.968	92.756	74.024
LIG	10	N	22.737	91.418	73.827
LIG	11	H	27.369	89.851	73.193
LIG	12	H	25.722	88.216	73.072
LIG	13	H	22.192	93.500	74.198
LIG	14	H	21.825	90.940	73.815
PRT	15	C	26.953	90.135	76.913
PRT	16	C	28.811	87.709	72.610
PRT	17	O	28.893	88.936	72.779
PRT	18	O	27.771	87.072	72.854
PRT	19	C	26.987	90.437	69.551
PRT	20	O	29.977	91.023	74.353
PRT	21	C	24.475	86.770	75.859
PRT	22	O	23.843	90.795	69.924
PRT	23	C	22.260	88.593	70.407
PRT	24	H	24.341	92.552	70.451
PRT	25	N	24.420	93.571	70.644
PRT	26	C	25.726	94.173	70.786
PRT	27	C	25.783	90.825	77.268
PRT	28	O	25.443	95.674	74.257
PRT	29	H	27.588	94.371	74.233
PRT	30	N	27.661	95.394	74.406
PRT	31	H	28.593	95.830	74.559
PRT	32	C	29.722	93.301	71.030
PRT	33	C	23.322	94.305	70.758
PRT	34	O	23.327	95.501	71.052
PRT	35	O	22.343	96.265	74.087
PRT	36	H	23.319	96.203	74.241
PRT	37	C	26.566	96.142	74.432
PRT	38	N	20.918	94.265	71.166
PRT	39	C	22.026	93.570	70.543
PRT	40	O	19.793	92.361	71.471
PRT	41	H	29.765	88.249	74.564
PRT	42	C	25.471	84.811	71.547
PRT	43	C	26.348	88.015	69.364
PRT	44	C	19.867	93.581	71.587
PRT	45	C	18.871	94.410	73.710
PRT	46	H	20.949	95.298	71.282
PRT	47	C	23.568	95.337	77.464
PRT	48	H	20.617	87.772	72.174
INT	1	15	3.6
INT	1	16	3.5
INT	1	17	2.8
INT	1	18	3.4
INT	1	19	3.8
INT	1	20	3.8
INT	2	16	3.8
INT	2	17	3.5
INT	2	18	3.2
INT	2	21	3.7
INT	3	21	3.7
INT	3	22	3.7
INT	3	23	3.7
INT	4	22	3.7
INT	4	24	3.6
INT	5	24	3.4
INT	5	25	3.6
INT	5	26	3.8
INT	5	27	3.8
INT	5	28	3.9
INT	5	29	3.7
INT	6	15	3.7
INT	6	17	3.8
INT	6	20	3.8
INT	6	24	3.8
INT	6	26	3.9
INT	6	27	3.8
INT	6	29	3.2
INT	7	15	3.9
INT	7	17	3.8
INT	7	20	3.0
INT	7	26	3.7
INT	7	28	4.0
INT	7	29	2.2
INT	7	30	3.3
INT	7	31	3.9
INT	7	32	3.7
INT	8	24	3.6
INT	8	25	3.4
INT	8	26	3.7
INT	8	28	2.9
INT	8	29	3.6
INT	8	33	3.6
INT	8	34	3.9
INT	8	35	3.8
INT	8	36	3.3
INT	8	37	3.9
INT	9	24	3.8
INT	9	25	3.8
INT	9	28	3.8
INT	9	33	3.6
INT	9	35	3.6
INT	9	36	3.5
INT	9	38	3.8
INT	9	39	3.7
INT	10	24	3.9
INT	10	39	4.0
INT	10	40	3.9
INT	11	15	3.8
INT	11	16	2.6
INT	11	17	1.8
INT	11	18	2.8
INT	11	19	3.7
INT	11	20	3.1
INT	11	41	3.2
INT	12	16	3.2
INT	12	17	3.3
INT	12	18	2.4
INT	12	21	3.4
INT	12	42	3.7
INT	12	43	3.8
INT	13	28	3.9
INT	13	33	3.7
INT	13	34	3.9
INT	13	35	2.8
INT	13	36	2.9
INT	13	38	3.4
INT	13	39	3.7
INT	13	40	3.8
INT	13	44	3.5
INT	13	45	3.5
INT	13	46	3.6
INT	13	47	4.0
INT	14	40	3.4
INT	14	44	4.0
INT	14	48	3.8
