LIG	1	O	8.622	20.519	35.375
LIG	2	C	9.276	20.015	36.543
LIG	3	C	8.393	19.039	37.313
LIG	4	O	7.228	19.713	37.809
LIG	5	C	7.863	17.888	36.454
LIG	6	O	8.756	16.771	36.372
LIG	7	C	6.554	17.523	37.131
LIG	8	O	6.929	16.611	38.151
LIG	9	C	6.142	18.785	37.889
LIG	10	N	4.920	19.274	37.394
LIG	11	C	4.543	19.389	36.108
LIG	12	N	3.280	19.829	36.006
LIG	13	C	2.834	19.904	37.288
LIG	14	C	1.620	20.246	37.816
LIG	15	N	0.568	20.523	37.041
LIG	16	C	1.502	20.295	39.187
LIG	17	C	2.586	20.004	40.005
LIG	18	N	3.749	19.675	39.465
LIG	19	C	3.857	19.626	38.129
LIG	20	H	7.827	20.973	35.630
LIG	21	H	9.530	20.859	37.201
LIG	22	H	10.197	19.497	36.239
LIG	23	H	8.976	18.629	38.151
LIG	24	H	7.672	18.246	35.432
LIG	25	H	8.911	16.426	37.243
LIG	26	H	5.785	17.140	36.444
LIG	27	H	7.350	15.855	37.759
LIG	28	H	5.991	18.530	38.948
LIG	29	H	5.182	19.155	35.258
LIG	30	H	-0.334	20.778	37.469
LIG	31	H	0.659	20.482	36.016
LIG	32	H	0.551	20.564	39.633
LIG	33	H	2.480	20.046	41.083
PRT	34	C	6.549	21.869	33.189
PRT	35	C	5.827	22.307	34.442
PRT	36	N	6.351	22.251	35.655
PRT	37	C	5.451	22.674	36.511
PRT	38	C	9.735	18.191	33.108
PRT	39	O	8.922	19.107	33.096
PRT	40	O	10.200	17.736	34.159
PRT	41	O	10.146	23.589	33.530
PRT	42	C	12.011	22.350	34.976
PRT	43	H	12.154	20.041	36.061
PRT	44	N	12.803	20.705	36.530
PRT	45	C	10.547	19.594	39.871
PRT	46	C	6.664	21.937	40.626
PRT	47	C	6.384	16.127	33.484
PRT	48	C	5.157	16.488	33.994
PRT	49	O	8.176	14.270	37.251
PRT	50	C	6.805	14.819	33.540
PRT	51	C	11.286	15.658	38.191
PRT	52	C	3.225	15.919	38.554
PRT	53	C	4.348	15.531	34.563
PRT	54	O	8.248	16.911	41.044
PRT	55	O	6.170	12.820	38.387
PRT	56	H	4.962	20.024	41.195
PRT	57	C	4.550	22.784	34.534
PRT	58	N	4.380	22.988	35.818
PRT	59	C	2.569	19.992	32.812
PRT	60	O	3.755	19.687	32.911
PRT	61	O	1.906	20.348	33.789
PRT	62	C	0.961	17.331	35.441
PRT	63	C	0.592	16.926	36.704
PRT	64	O	1.267	23.363	37.302
PRT	65	Zn	2.943	23.906	36.926
PRT	66	O	-1.989	21.955	38.663
PRT	67	C	0.607	23.518	34.573
PRT	68	O	1.750	23.689	35.009
PRT	69	O	-0.288	23.051	35.278
PRT	70	C	-1.097	17.948	40.209
PRT	71	C	-1.827	22.341	39.820
PRT	72	O	-0.724	22.361	40.381
PRT	73	N	5.522	19.710	42.013
PRT	74	C	4.068	18.038	43.049
PRT	75	O	3.188	18.890	43.058
PRT	76	C	5.434	18.344	42.477
PRT	77	C	7.069	23.051	32.392
PRT	78	C	12.874	21.965	36.147
PRT	79	C	11.060	22.896	39.736
PRT	80	S	9.991	23.670	38.511
PRT	81	C	13.643	20.272	37.610
PRT	82	C	13.040	19.097	38.339
PRT	83	O	12.686	18.571	34.788
PRT	84	S	9.771	18.603	41.103
PRT	85	C	4.763	14.217	34.623
PRT	86	O	8.537	13.399	40.166
PRT	87	H	-2.134	22.890	34.816
PRT	88	O	-3.969	22.155	37.177
PRT	89	O	0.421	22.059	42.948
PRT	90	O	2.868	21.465	43.729
INT	1	34	3.3
INT	1	35	3.4
INT	1	36	2.9
INT	1	37	4.0
INT	1	38	3.4
INT	1	39	2.7
INT	1	40	3.4
INT	1	41	3.9
INT	1	42	3.9
INT	1	43	3.6
INT	2	36	3.8
INT	2	38	3.9
INT	2	39	3.6
INT	2	40	3.4
INT	2	42	3.9
INT	2	43	2.9
INT	2	44	3.6
INT	2	45	3.6
INT	3	40	3.9
INT	3	45	3.4
INT	4	36	3.4
INT	4	37	3.7
INT	4	45	3.9
INT	4	46	3.6
INT	5	38	3.8
INT	5	39	3.7
INT	5	40	3.3
INT	5	47	3.8
INT	5	48	3.9
INT	5	49	3.7
INT	6	38	3.7
INT	6	40	2.8
INT	6	47	3.8
INT	6	49	2.7
INT	6	50	4.0
INT	6	51	3.3
INT	7	47	3.9
INT	7	48	3.6
INT	7	49	3.6
INT	7	52	4.0
INT	7	53	3.9
INT	8	49	2.8
INT	8	52	3.8
INT	8	54	3.2
INT	8	55	3.9
INT	9	56	3.7
INT	10	36	3.7
INT	10	37	3.6
INT	10	52	3.9
INT	10	56	3.9
INT	11	35	3.6
INT	11	36	3.4
INT	11	37	3.4
INT	11	48	3.6
INT	11	57	3.7
INT	11	58	3.6
INT	11	59	3.9
INT	11	60	3.3
INT	11	61	3.6
INT	12	35	3.9
INT	12	36	3.9
INT	12	37	3.6
INT	12	57	3.5
INT	12	58	3.4
INT	12	59	3.3
INT	12	60	3.1
INT	12	61	2.7
INT	12	62	3.5
INT	13	37	3.9
INT	13	58	3.7
INT	13	61	3.6
INT	13	62	3.7
INT	13	63	3.8
INT	13	64	3.8
INT	14	62	3.8
INT	14	63	3.6
INT	14	64	3.2
INT	14	65	4.0
INT	15	61	3.5
INT	15	62	3.6
INT	15	63	3.6
INT	15	64	2.9
INT	15	66	3.3
INT	15	67	3.9
INT	15	68	3.9
INT	15	69	3.2
INT	16	64	3.6
INT	16	66	3.9
INT	16	70	3.6
INT	16	71	4.0
INT	16	72	3.3
INT	17	56	2.7
INT	17	73	3.6
INT	17	74	3.9
INT	17	75	3.3
INT	18	46	3.9
INT	18	52	3.9
INT	18	56	2.1
INT	18	73	3.1
INT	18	74	4.0
INT	18	75	3.7
INT	18	76	3.7
INT	19	37	3.8
INT	19	52	3.8
INT	19	56	3.3
INT	20	34	2.9
INT	20	35	2.7
INT	20	36	2.0
INT	20	37	3.1
INT	20	39	3.3
INT	20	57	3.9
INT	20	58	4.0
INT	20	77	3.9
INT	21	36	3.8
INT	21	42	3.7
INT	21	43	3.0
INT	21	44	3.3
INT	21	45	3.1
INT	21	78	3.7
INT	21	79	3.6
INT	21	80	3.1
INT	22	38	3.4
INT	22	39	3.4
INT	22	40	2.7
INT	22	42	3.6
INT	22	43	2.0
INT	22	44	2.9
INT	22	45	3.7
INT	22	78	3.6
INT	22	81	3.8
INT	22	82	3.6
INT	22	83	3.0
INT	23	45	2.5
INT	23	51	3.8
INT	23	54	3.4
INT	23	84	3.1
INT	24	38	3.1
INT	24	39	2.8
INT	24	40	2.9
INT	24	47	3.2
INT	24	48	3.4
INT	25	40	3.6
INT	25	49	2.3
INT	25	51	2.7
INT	25	54	3.9
INT	26	47	3.2
INT	26	48	2.6
INT	26	49	3.8
INT	26	50	3.9
INT	26	52	3.5
INT	26	53	2.9
INT	26	85	3.6
INT	27	49	1.9
INT	27	51	4.0
INT	27	54	3.6
INT	27	55	3.3
INT	27	86	3.6
INT	28	46	3.9
INT	28	52	3.8
INT	28	54	3.5
INT	28	56	2.9
INT	28	73	3.3
INT	28	76	3.6
INT	29	34	3.7
INT	29	35	3.3
INT	29	36	3.3
INT	29	37	3.7
INT	29	47	3.7
INT	29	48	3.0
INT	29	53	3.8
INT	29	57	3.8
INT	29	58	4.0
INT	29	59	3.7
INT	29	60	2.8
INT	29	61	3.8
INT	30	64	3.0
INT	30	66	2.4
INT	30	69	3.2
INT	30	71	3.2
INT	30	72	3.3
INT	30	87	3.8
INT	30	88	3.9
INT	31	59	3.8
INT	31	61	2.6
INT	31	62	3.2
INT	31	63	3.6
INT	31	64	3.2
INT	31	67	3.4
INT	31	68	3.5
INT	31	69	2.8
INT	31	87	3.9
INT	32	64	3.7
INT	32	66	3.1
INT	32	70	3.1
INT	32	71	3.0
INT	32	72	2.3
INT	32	89	3.6
INT	33	56	2.5
INT	33	73	3.2
INT	33	74	3.2
INT	33	75	2.4
INT	33	76	3.7
INT	33	89	3.4
INT	33	90	3.0
