LIG	1	C	-45.266	66.779	-6.119
LIG	2	C	-45.814	68.027	-5.480
LIG	3	C	-45.454	69.290	-6.232
LIG	4	C	-46.345	70.439	-5.798
LIG	5	C	-46.031	71.683	-6.467
LIG	6	C	-47.001	72.342	-7.213
LIG	7	C	-48.343	71.800	-7.335
LIG	8	C	-49.375	72.798	-7.134
LIG	9	C	-50.505	72.826	-7.944
LIG	10	C	-50.689	71.859	-9.016
LIG	11	C	-51.868	72.130	-9.822
LIG	12	C	-52.103	71.452	-11.018
LIG	13	C	-51.180	70.444	-11.509
LIG	14	C	-51.811	69.486	-12.407
LIG	15	C	-51.246	68.229	-12.623
LIG	16	C	-50.013	67.849	-11.960
LIG	17	C	-50.237	67.230	-10.585
LIG	18	C	-48.916	66.936	-9.897
LIG	19	C	-48.122	68.209	-9.648
LIG	20	C	-46.720	67.886	-9.195
LIG	21	O	-44.087	66.764	-6.549
LIG	22	O	-46.024	65.787	-6.208
LIG	23	H	-45.413	68.102	-4.459
LIG	24	H	-46.910	67.946	-5.438
LIG	25	H	-45.584	69.119	-7.311
LIG	26	H	-44.405	69.548	-6.026
LIG	27	H	-46.226	70.584	-4.714
LIG	28	H	-47.390	70.176	-6.020
LIG	29	H	-45.030	72.105	-6.386
LIG	30	H	-46.752	73.277	-7.713
LIG	31	H	-48.471	71.007	-6.584
LIG	32	H	-48.459	71.373	-8.342
LIG	33	H	-49.264	73.534	-6.339
LIG	34	H	-51.266	73.586	-7.773
LIG	35	H	-50.789	70.857	-8.573
LIG	36	H	-49.804	71.885	-9.668
LIG	37	H	-52.583	72.879	-9.485
LIG	38	H	-52.997	71.683	-11.595
LIG	39	H	-50.766	69.898	-10.648
LIG	40	H	-50.365	70.948	-12.050
LIG	41	H	-52.736	69.755	-12.916
LIG	42	H	-51.735	67.526	-13.296
LIG	43	H	-49.389	68.747	-11.842
LIG	44	H	-49.488	67.117	-12.591
LIG	45	H	-50.799	66.291	-10.701
LIG	46	H	-50.817	67.930	-9.966
LIG	47	H	-48.323	66.264	-10.534
LIG	48	H	-49.116	66.445	-8.933
LIG	49	H	-48.625	68.801	-8.869
LIG	50	H	-48.075	68.792	-10.579
LIG	51	H	-46.166	68.820	-9.022
LIG	52	H	-46.210	67.297	-9.971
LIG	53	H	-46.761	67.305	-8.262
PRT	54	N	-48.344	64.921	-4.488
PRT	55	H	-47.398	65.186	-4.828
PRT	56	H	-48.056	65.077	-6.988
PRT	57	O	-45.202	63.511	-7.442
PRT	58	H	-45.415	64.191	-6.754
PRT	59	O	-46.234	75.016	-4.916
PRT	60	O	-44.527	74.008	-7.904
PRT	61	O	-45.528	73.121	-10.560
PRT	62	O	-49.451	75.965	-9.235
PRT	63	H	-48.383	76.187	-7.336
PRT	64	C	-51.633	75.826	-10.191
PRT	65	C	-50.608	76.440	-9.268
PRT	66	C	-48.419	72.342	-12.273
PRT	67	C	-54.945	73.456	-11.565
PRT	68	C	-53.798	68.793	-9.233
PRT	69	C	-54.199	67.591	-10.078
PRT	70	O	-53.476	65.513	-9.139
PRT	71	C	-47.626	63.459	-10.056
PRT	72	N	-49.009	64.792	-6.685
PRT	73	H	-49.744	64.600	-7.395
PRT	74	O	-44.864	66.404	-12.049
PRT	75	H	-44.608	65.580	-11.564
PRT	76	O	-44.214	65.094	-9.591
PRT	77	O	-44.962	70.288	-10.967
PRT	78	O	-41.604	67.801	-7.418
PRT	79	C	-49.287	64.674	-5.394
PRT	80	C	-44.036	62.616	-5.555
PRT	81	C	-44.396	62.544	-6.894
PRT	82	C	-42.561	67.263	-2.678
PRT	83	S	-45.554	69.887	-1.627
PRT	84	C	-49.989	68.955	-4.252
PRT	85	C	-50.429	68.728	-5.550
PRT	86	H	-40.983	69.515	-7.096
PRT	87	C	-43.037	73.328	-4.093
PRT	88	O	-41.614	73.114	-8.047
PRT	89	H	-46.747	74.030	-11.474
PRT	90	N	-47.737	76.719	-6.719
PRT	91	H	-46.981	76.222	-6.206
PRT	92	H	-43.659	75.748	-7.454
PRT	93	C	-53.009	71.753	-4.835
PRT	94	C	-53.419	75.507	-6.565
PRT	95	O	-50.965	77.404	-8.567
PRT	96	S	-53.604	70.752	-6.180
PRT	97	N	-49.940	75.089	-11.812
PRT	98	H	-49.255	75.089	-11.029
PRT	99	C	-55.172	74.692	-8.157
PRT	100	C	-51.189	75.828	-11.659
PRT	101	O	-56.232	70.642	-10.487
PRT	102	C	-48.299	73.702	-12.932
PRT	103	C	-49.651	74.416	-12.921
PRT	104	O	-50.413	74.353	-13.885
PRT	105	N	-55.428	67.881	-10.807
PRT	106	H	-55.883	68.806	-10.673
PRT	107	C	-52.248	63.975	-12.346
PRT	108	O	-49.929	65.562	-15.474
PRT	109	H	-49.221	66.147	-15.843
PRT	110	C	-49.350	64.358	-15.012
PRT	111	C	-54.358	66.366	-9.194
PRT	112	O	-51.399	64.182	-8.021
PRT	113	C	-47.124	63.462	-11.465
PRT	114	C	-48.886	62.632	-10.160
PRT	115	C	-43.698	67.048	-12.530
INT	1	54	3.9
INT	1	55	3.0
INT	1	56	3.4
INT	1	57	3.5
INT	1	58	2.7
INT	2	55	3.3
INT	5	59	3.7
INT	5	60	3.1
INT	6	59	3.6
INT	6	60	3.1
INT	6	61	3.7
INT	8	62	3.8
INT	8	63	3.5
INT	9	62	3.6
INT	9	64	3.9
INT	9	65	3.9
INT	10	66	4.0
INT	11	64	3.7
INT	11	67	3.8
INT	11	68	3.9
INT	12	66	4.0
INT	12	67	3.5
INT	12	68	3.6
INT	13	66	3.4
INT	13	68	3.8
INT	14	68	3.8
INT	14	69	3.8
INT	15	69	4.0
INT	17	70	3.9
INT	18	56	3.6
INT	18	71	3.7
INT	18	72	3.9
INT	18	73	3.5
INT	20	56	3.8
INT	20	74	3.7
INT	20	75	3.9
INT	20	76	3.8
INT	20	77	3.5
INT	21	57	3.6
INT	21	58	2.9
INT	21	76	3.5
INT	21	78	2.8
INT	22	54	3.0
INT	22	55	2.0
INT	22	56	2.3
INT	22	57	2.7
INT	22	58	1.8
INT	22	72	3.2
INT	22	76	3.9
INT	22	79	3.5
INT	22	80	3.8
INT	22	81	3.7
INT	23	55	3.5
INT	23	82	3.5
INT	23	83	3.4
INT	24	54	3.5
INT	24	55	2.9
INT	24	56	3.5
INT	24	72	4.0
INT	24	84	3.5
INT	24	85	3.6
INT	25	77	3.9
INT	26	78	3.6
INT	26	86	3.6
INT	27	83	3.2
INT	28	84	3.4
INT	28	85	3.4
INT	29	59	3.5
INT	29	60	2.5
INT	29	87	3.3
INT	29	88	3.9
INT	30	59	3.3
INT	30	60	2.3
INT	30	61	3.1
INT	30	63	3.4
INT	30	89	3.8
INT	30	90	3.7
INT	30	91	3.3
INT	30	92	4.0
INT	31	84	3.5
INT	31	85	3.2
INT	33	59	3.7
INT	33	62	3.8
INT	33	63	3.0
INT	33	90	3.6
INT	33	91	3.5
INT	34	62	3.3
INT	34	63	3.9
INT	34	64	3.3
INT	34	65	3.3
INT	34	93	3.9
INT	34	94	3.1
INT	34	95	3.9
INT	35	68	3.7
INT	35	85	3.7
INT	35	96	3.7
INT	36	66	3.0
INT	36	97	3.9
INT	36	98	3.5
INT	37	64	3.2
INT	37	67	3.2
INT	37	99	3.4
INT	37	100	3.9
INT	38	67	2.6
INT	38	68	3.8
INT	38	101	3.6
INT	39	66	3.8
INT	39	68	3.5
INT	40	66	2.4
INT	40	102	3.6
INT	40	103	3.6
INT	40	104	3.9
INT	41	68	4.0
INT	41	69	3.9
INT	41	105	3.9
INT	41	106	4.0
INT	42	107	3.7
INT	42	108	3.4
INT	42	109	3.8
INT	43	66	3.7
INT	44	108	3.3
INT	44	109	3.4
INT	44	110	3.7
INT	45	69	3.7
INT	45	70	3.2
INT	45	73	3.9
INT	45	107	3.2
INT	45	111	3.9
INT	45	112	3.5
INT	46	68	3.2
INT	46	69	3.4
INT	46	70	3.7
INT	46	111	3.9
INT	47	56	3.7
INT	47	71	2.9
INT	47	73	3.8
INT	47	74	3.8
INT	47	75	3.9
INT	47	113	3.2
INT	47	114	3.7
INT	48	56	2.6
INT	48	71	3.5
INT	48	72	2.8
INT	48	73	2.5
INT	48	79	4.0
INT	48	112	3.3
INT	49	85	3.8
INT	50	66	3.9
INT	50	77	3.5
INT	51	77	2.7
INT	52	74	2.6
INT	52	75	2.8
INT	52	76	3.0
INT	52	77	3.4
INT	52	115	3.6
INT	53	56	2.9
INT	53	58	3.7
INT	53	72	3.7
INT	53	76	3.6
