LIG	1	P	23.058	27.232	23.781
LIG	2	O	23.274	25.761	24.431
LIG	3	O	21.673	26.972	23.065
LIG	4	O	24.079	27.541	22.652
LIG	5	O	22.889	28.510	24.771
LIG	6	C	23.417	29.822	24.436
LIG	7	C	24.575	30.280	25.301
LIG	8	O	24.625	29.961	26.486
LIG	9	C	25.662	31.146	24.694
LIG	10	O	25.875	30.777	23.343
LIG	11	H	22.603	30.555	24.538
LIG	12	H	23.759	29.797	23.391
LIG	13	H	26.595	31.010	25.260
LIG	14	H	25.355	32.201	24.740
LIG	15	H	26.557	31.324	22.970
PRT	16	H	22.753	23.355	23.798
PRT	17	N	21.440	28.433	20.433
PRT	18	H	21.442	28.065	21.406
PRT	19	O	20.885	30.069	22.617
PRT	20	H	23.575	29.327	20.911
PRT	21	O	20.267	24.621	22.634
PRT	22	N	20.295	27.222	25.832
PRT	23	H	20.776	27.708	25.048
PRT	24	H	21.946	29.605	26.725
PRT	25	C	21.367	23.454	26.798
PRT	26	N	22.857	22.426	23.343
PRT	27	H	23.665	21.922	23.761
PRT	28	C	21.930	26.128	19.729
PRT	29	C	21.676	27.607	19.416
PRT	30	C	23.436	25.811	19.857
PRT	31	H	20.340	30.481	23.334
PRT	32	C	19.125	24.329	22.982
PRT	33	N	18.340	25.138	23.679
PRT	34	C	18.784	26.437	24.138
PRT	35	C	19.229	26.475	25.582
PRT	36	C	18.155	27.322	21.437
PRT	37	C	24.947	27.510	18.825
PRT	38	N	23.579	30.207	20.357
PRT	39	O	26.909	26.297	22.756
PRT	40	C	20.798	27.371	27.179
PRT	41	C	20.364	28.725	27.687
PRT	42	N	21.118	29.756	27.336
PRT	43	H	19.744	30.507	25.513
PRT	44	H	23.947	32.145	22.186
PRT	45	C	22.131	32.646	26.238
PRT	46	H	25.301	29.593	29.064
PRT	47	C	21.993	32.042	27.620
PRT	48	C	23.246	33.671	26.200
PRT	49	O	28.052	29.371	26.246
PRT	50	O	25.805	27.486	27.357
PRT	51	N	25.812	30.356	29.552
PRT	52	H	26.712	30.708	29.168
PRT	53	O	23.798	27.999	29.187
PRT	54	N	24.416	32.805	21.533
PRT	55	H	23.565	34.182	24.132
PRT	56	C	24.843	30.881	20.107
PRT	57	C	24.940	32.367	20.395
PRT	58	C	24.506	34.215	21.854
PRT	59	O	28.562	30.649	21.187
PRT	60	C	20.375	30.461	21.353
PRT	61	C	20.798	31.097	27.798
PRT	62	N	19.170	31.239	25.979
PRT	63	O	20.753	32.701	23.604
PRT	64	C	22.430	30.687	19.895
PRT	65	O	30.159	29.868	23.923
PRT	66	O	29.715	32.583	25.666
PRT	67	N	23.177	34.541	25.027
PRT	68	O	26.260	35.478	25.100
PRT	69	O	25.488	33.118	19.597
PRT	70	O	28.468	33.652	21.055
INT	1	16	3.9
INT	1	17	3.9
INT	1	18	3.0
INT	1	19	3.8
INT	1	20	3.6
INT	1	21	4.0
INT	1	22	3.4
INT	1	23	2.7
INT	1	24	3.9
INT	2	16	2.5
INT	2	21	3.7
INT	2	22	3.6
INT	2	23	3.2
INT	2	25	3.8
INT	2	26	3.5
INT	2	27	3.9
INT	3	16	3.8
INT	3	17	3.0
INT	3	18	2.0
INT	3	19	3.2
INT	3	20	3.7
INT	3	21	2.8
INT	3	22	3.1
INT	3	23	2.3
INT	3	28	3.5
INT	3	29	3.7
INT	3	30	3.8
INT	3	31	3.8
INT	3	32	3.7
INT	3	33	3.9
INT	3	34	3.1
INT	3	35	3.5
INT	3	36	3.9
INT	4	17	3.6
INT	4	18	3.0
INT	4	20	2.5
INT	4	28	3.9
INT	4	30	3.3
INT	4	37	3.9
INT	4	38	3.6
INT	4	39	3.1
INT	5	18	3.7
INT	5	19	3.3
INT	5	22	3.1
INT	5	23	2.3
INT	5	24	2.4
INT	5	31	3.5
INT	5	40	3.4
INT	5	41	3.9
INT	5	42	3.4
INT	5	43	3.8
INT	6	19	3.1
INT	6	20	3.6
INT	6	23	3.4
INT	6	24	2.7
INT	6	31	3.3
INT	6	42	3.7
INT	6	43	3.9
INT	6	44	3.3
INT	6	45	3.6
INT	7	24	3.1
INT	7	44	3.7
INT	7	45	3.5
INT	7	46	3.9
INT	7	47	3.9
INT	7	48	3.8
INT	7	49	3.7
INT	7	50	3.7
INT	8	24	2.7
INT	8	42	3.6
INT	8	45	3.7
INT	8	46	2.7
INT	8	47	3.5
INT	8	48	4.0
INT	8	49	3.5
INT	8	50	2.9
INT	8	51	3.3
INT	8	52	3.5
INT	8	53	3.4
INT	9	44	3.2
INT	9	48	3.8
INT	9	49	3.4
INT	9	54	3.8
INT	9	55	3.7
INT	10	20	3.6
INT	10	38	3.8
INT	10	44	2.6
INT	10	49	3.9
INT	10	54	3.1
INT	10	56	3.4
INT	10	57	3.5
INT	10	58	4.0
INT	10	59	3.4
INT	11	19	2.6
INT	11	20	4.0
INT	11	23	3.4
INT	11	24	2.5
INT	11	31	2.6
INT	11	42	3.3
INT	11	43	3.0
INT	11	44	3.1
INT	11	45	2.7
INT	11	47	3.5
INT	11	48	3.6
INT	11	55	3.8
INT	11	60	3.9
INT	11	61	3.8
INT	11	62	3.8
INT	11	63	3.0
INT	12	17	4.0
INT	12	18	3.5
INT	12	19	3.0
INT	12	20	2.5
INT	12	24	3.8
INT	12	31	3.5
INT	12	38	3.1
INT	12	44	2.6
INT	12	54	3.6
INT	12	56	3.6
INT	12	64	3.8
INT	13	49	2.4
INT	13	52	3.9
INT	13	65	4.0
INT	13	66	3.5
INT	14	44	2.9
INT	14	45	3.6
INT	14	48	3.0
INT	14	54	3.4
INT	14	55	2.7
INT	14	58	3.6
INT	14	67	3.2
INT	14	68	3.4
INT	15	44	2.8
INT	15	54	3.0
INT	15	56	3.4
INT	15	57	3.2
INT	15	58	3.7
INT	15	59	2.8
INT	15	69	4.0
INT	15	70	3.6
