LIG	1	P	37.096	-2.627	23.146
LIG	2	O	35.645	-2.854	22.991
LIG	3	O	37.470	-1.708	24.274
LIG	4	O	37.790	-2.310	21.876
LIG	5	P	38.898	-5.197	23.066
LIG	6	O	39.101	-6.102	24.236
LIG	7	O	40.090	-4.548	22.456
LIG	8	O	37.713	-4.079	23.616
LIG	9	O	38.135	-6.071	21.924
LIG	10	C	37.654	-5.460	20.743
LIG	11	C	37.455	-6.578	19.762
LIG	12	O	36.807	-5.990	18.629
LIG	13	C	38.789	-7.185	19.248
LIG	14	O	38.603	-8.605	18.982
LIG	15	P	39.267	-9.784	20.024
LIG	16	O	38.032	-10.345	20.626
LIG	17	O	39.976	-10.686	19.081
LIG	18	O	40.196	-9.056	20.941
LIG	19	C	38.987	-6.400	17.957
LIG	20	O	39.881	-7.097	17.061
LIG	21	C	37.518	-6.460	17.494
LIG	22	N	37.123	-5.536	16.407
LIG	23	C	36.262	-5.900	15.402
LIG	24	N	36.038	-4.963	14.529
LIG	25	C	36.819	-3.850	14.977
LIG	26	C	36.992	-2.499	14.451
LIG	27	N	36.447	-2.101	13.285
LIG	28	N	37.797	-1.657	15.151
LIG	29	C	38.390	-2.130	16.257
LIG	30	N	38.330	-3.348	16.848
LIG	31	C	37.497	-4.192	16.142
LIG	32	H	38.389	-4.738	20.358
LIG	33	H	36.701	-4.946	20.937
LIG	34	H	36.835	-7.367	20.212
LIG	35	H	39.619	-7.033	19.954
LIG	36	H	39.343	-5.372	18.122
LIG	37	H	39.628	-8.011	17.011
LIG	38	H	37.250	-7.492	17.222
LIG	39	H	35.806	-6.887	15.341
LIG	40	H	36.594	-1.138	12.950
LIG	41	H	35.883	-2.760	12.729
LIG	42	H	39.027	-1.415	16.766
PRT	43	N	36.713	-5.262	26.035
PRT	44	H	37.483	-5.026	25.377
PRT	45	H	35.732	-5.308	25.692
PRT	46	N	34.303	-2.152	25.309
PRT	47	H	37.917	-1.311	26.145
PRT	48	N	36.813	-1.768	19.542
PRT	49	H	34.453	-1.776	21.828
PRT	50	O	39.683	-0.415	23.576
PRT	51	O	34.661	-5.203	23.783
PRT	52	C	33.086	-2.777	25.415
PRT	53	C	34.274	-1.029	26.005
PRT	54	C	34.031	-3.586	20.081
PRT	55	C	33.292	-2.267	20.214
PRT	56	N	33.689	-1.467	21.194
PRT	57	C	39.356	-0.757	27.544
PRT	58	N	38.185	-1.574	27.115
PRT	59	H	38.438	-2.582	27.144
PRT	60	H	37.386	-1.397	27.757
PRT	61	C	35.749	-2.197	18.779
PRT	62	C	37.202	-0.574	19.131
PRT	63	H	38.089	-8.670	22.205
PRT	64	C	37.801	-9.658	25.445
PRT	65	C	38.417	-9.004	24.221
PRT	66	N	37.604	-9.141	22.996
PRT	67	H	36.675	-8.699	23.147
PRT	68	C	36.981	-5.504	27.307
PRT	69	O	38.118	-5.463	27.760
PRT	70	O	34.369	-6.216	20.698
PRT	71	O	35.239	-8.007	22.491
PRT	72	C	35.104	-3.535	18.973
PRT	73	C	33.380	-5.904	20.031
PRT	74	C	33.552	-7.233	17.283
PRT	75	H	37.478	-10.150	22.776
PRT	76	C	34.408	-11.533	21.451
PRT	77	C	34.797	-11.151	20.027
PRT	78	O	38.196	-8.354	14.454
PRT	79	H	34.449	-5.106	12.962
PRT	80	C	34.872	-9.080	13.638
PRT	81	O	35.355	-9.307	14.764
PRT	82	O	34.566	-3.314	11.219
PRT	83	N	33.642	-5.032	12.310
PRT	84	H	32.838	-5.685	12.401
PRT	85	C	33.386	-2.860	15.441
PRT	86	H	39.357	-2.454	12.574
PRT	87	O	38.888	-4.215	11.798
PRT	88	C	39.708	-0.421	12.601
PRT	89	O	38.694	-0.098	11.982
PRT	90	N	39.998	-1.695	12.881
PRT	91	C	35.509	-1.205	17.882
PRT	92	O	38.237	0.950	15.154
PRT	93	C	35.871	1.326	12.410
PRT	94	S	34.554	0.097	12.283
PRT	95	C	37.267	-1.905	9.860
PRT	96	C	38.289	-4.082	10.725
PRT	97	C	33.639	-4.109	11.367
PRT	98	H	40.865	-1.928	13.406
PRT	99	N	36.427	-0.212	18.124
PRT	100	N	33.097	-4.644	19.744
PRT	101	C	33.472	-8.511	13.520
PRT	102	O	35.482	-9.344	12.590
PRT	103	H	38.643	2.238	13.383
PRT	104	H	38.566	0.326	10.180
PRT	105	S	33.307	0.573	13.810
PRT	106	C	38.490	-2.827	9.857
PRT	107	N	37.431	-4.993	10.265
PRT	108	H	37.244	-5.856	10.815
PRT	109	H	33.921	-1.977	9.684
INT	1	43	3.9
INT	1	44	3.3
INT	1	45	3.9
INT	1	46	3.6
INT	1	47	3.4
INT	1	48	3.7
INT	1	49	3.1
INT	1	50	3.4
INT	1	51	3.6
INT	2	44	3.7
INT	2	45	3.7
INT	2	46	2.8
INT	2	48	3.8
INT	2	49	2.0
INT	2	51	2.7
INT	2	52	3.5
INT	2	53	3.8
INT	2	54	3.4
INT	2	55	3.7
INT	2	56	3.0
INT	3	44	3.5
INT	3	46	3.4
INT	3	47	2.0
INT	3	49	3.9
INT	3	50	2.7
INT	3	53	3.7
INT	3	57	3.9
INT	3	58	2.9
INT	3	59	3.2
INT	3	60	3.5
INT	4	48	2.6
INT	4	49	3.4
INT	4	50	3.2
INT	4	61	3.7
INT	4	62	3.3
INT	5	43	3.7
INT	5	44	2.7
INT	5	63	3.7
INT	6	43	3.1
INT	6	44	2.3
INT	6	45	3.8
INT	6	63	3.4
INT	6	64	4.0
INT	6	65	3.0
INT	6	66	3.6
INT	6	67	3.7
INT	6	68	3.8
INT	6	69	3.7
INT	7	44	3.9
INT	8	43	2.9
INT	8	44	2.0
INT	8	45	3.1
INT	8	47	3.8
INT	8	51	3.3
INT	8	59	3.9
INT	9	44	3.7
INT	9	63	2.6
INT	9	65	3.7
INT	9	66	3.3
INT	9	67	3.2
INT	9	70	4.0
INT	9	71	3.5
INT	10	48	4.0
INT	10	63	3.6
INT	10	70	3.4
INT	10	71	3.9
INT	10	72	3.7
INT	11	63	3.3
INT	11	70	3.2
INT	11	71	3.8
INT	11	72	3.9
INT	12	54	3.9
INT	12	61	3.9
INT	12	70	3.2
INT	12	72	3.0
INT	12	73	3.7
INT	12	74	3.7
INT	13	63	3.4
INT	14	63	3.3
INT	15	63	2.7
INT	15	66	3.5
INT	15	75	3.3
INT	16	63	2.3
INT	16	65	3.9
INT	16	66	2.7
INT	16	67	3.3
INT	16	75	2.2
INT	16	76	3.9
INT	16	77	3.4
INT	18	63	2.5
INT	18	65	3.7
INT	18	66	3.3
INT	18	75	3.5
INT	20	78	3.3
INT	21	78	3.6
INT	22	72	3.8
INT	22	78	3.6
INT	23	74	3.6
INT	23	78	3.3
INT	23	79	3.1
INT	23	80	3.9
INT	23	81	3.6
INT	24	79	2.2
INT	24	82	4.0
INT	24	83	3.3
INT	24	84	3.9
INT	24	85	3.5
INT	25	79	3.4
INT	25	85	3.6
INT	25	86	3.8
INT	25	87	3.8
INT	26	79	3.9
INT	26	85	3.8
INT	26	86	3.0
INT	26	87	3.7
INT	26	88	3.9
INT	26	89	3.8
INT	26	90	3.5
INT	26	91	4.0
INT	26	92	3.7
INT	27	79	3.6
INT	27	82	3.0
INT	27	85	3.8
INT	27	86	3.0
INT	27	87	3.6
INT	27	88	3.7
INT	27	89	3.3
INT	27	90	3.6
INT	27	93	3.6
INT	27	94	3.1
INT	27	95	3.5
INT	27	96	3.7
INT	27	97	3.9
INT	28	86	3.1
INT	28	88	3.4
INT	28	89	3.6
INT	28	90	3.2
INT	28	91	3.6
INT	28	92	2.6
INT	28	98	3.5
INT	28	99	3.6
INT	29	48	3.7
INT	29	61	3.7
INT	29	62	3.5
INT	29	86	3.8
INT	29	90	3.8
INT	29	91	3.4
INT	29	92	3.3
INT	29	98	3.8
INT	29	99	3.3
INT	30	48	3.5
INT	30	61	3.4
INT	30	62	3.8
INT	30	72	3.9
INT	30	91	3.7
INT	30	99	3.9
INT	31	61	3.7
INT	31	72	3.8
INT	31	91	4.0
INT	32	48	3.5
INT	32	61	4.0
INT	32	72	3.8
INT	33	48	3.5
INT	33	49	4.0
INT	33	51	3.5
INT	33	54	3.1
INT	33	61	3.6
INT	33	70	2.7
INT	33	71	3.7
INT	33	72	2.9
INT	33	73	3.6
INT	33	100	3.8
INT	34	63	2.7
INT	34	66	3.4
INT	34	67	3.2
INT	34	70	2.8
INT	34	71	2.9
INT	34	73	3.8
INT	34	75	3.8
INT	35	63	3.2
INT	37	78	3.0
INT	38	74	3.7
INT	38	78	3.0
INT	38	81	3.6
INT	39	74	3.0
INT	39	78	2.9
INT	39	79	3.3
INT	39	80	2.9
INT	39	81	2.5
INT	39	101	3.4
INT	39	102	3.7
INT	40	82	3.4
INT	40	86	3.1
INT	40	88	3.2
INT	40	89	2.5
INT	40	90	3.4
INT	40	92	3.5
INT	40	93	2.6
INT	40	94	2.5
INT	40	95	3.3
INT	40	103	4.0
INT	40	104	3.7
INT	40	105	3.8
INT	41	79	2.8
INT	41	82	2.1
INT	41	83	3.2
INT	41	85	3.7
INT	41	86	3.5
INT	41	87	3.5
INT	41	89	3.9
INT	41	94	3.2
INT	41	95	3.3
INT	41	96	3.4
INT	41	97	3.0
INT	41	106	3.9
INT	41	107	3.7
INT	41	108	3.9
INT	41	109	3.7
INT	42	48	3.6
INT	42	61	3.9
INT	42	62	3.1
INT	42	91	3.7
INT	42	92	3.0
INT	42	98	3.9
INT	42	99	3.2
