LIG	1	P	37.241	-2.786	23.066
LIG	2	O	37.837	-2.284	24.299
LIG	3	O	35.775	-2.898	23.126
LIG	4	O	37.813	-2.183	21.857
LIG	5	P	38.965	-5.325	22.760
LIG	6	O	38.398	-6.729	22.747
LIG	7	O	40.197	-4.969	23.613
LIG	8	O	37.564	-4.325	22.985
LIG	9	O	39.291	-5.001	21.157
LIG	10	C	38.008	-5.048	20.509
LIG	11	C	37.768	-6.304	19.848
LIG	12	O	36.874	-5.722	18.930
LIG	13	C	38.946	-7.041	19.057
LIG	14	O	39.537	-8.285	19.694
LIG	15	C	38.108	-7.472	17.868
LIG	16	O	37.476	-8.698	18.180
LIG	17	P	36.704	-9.460	16.942
LIG	18	O	35.579	-8.594	16.496
LIG	19	O	37.779	-9.688	15.918
LIG	20	O	36.362	-10.597	17.850
LIG	21	C	36.947	-6.480	17.756
LIG	22	N	36.905	-5.648	16.467
LIG	23	C	36.134	-6.034	15.355
LIG	24	N	36.017	-5.159	14.405
LIG	25	C	36.796	-4.054	14.909
LIG	26	C	37.043	-2.740	14.385
LIG	27	N	36.628	-2.386	13.143
LIG	28	N	37.794	-1.890	15.179
LIG	29	C	38.267	-2.318	16.346
LIG	30	N	38.125	-3.494	16.933
LIG	31	C	37.354	-4.343	16.162
LIG	32	H	37.961	-4.242	19.762
LIG	33	H	37.225	-4.893	21.266
LIG	34	H	37.299	-7.032	20.526
LIG	35	H	39.756	-6.344	18.796
LIG	36	H	38.835	-8.858	19.979
LIG	37	H	38.707	-7.532	16.947
LIG	38	H	36.032	-7.090	17.729
LIG	39	H	35.662	-7.013	15.295
LIG	40	H	36.816	-1.438	12.788
LIG	41	H	36.124	-3.066	12.555
LIG	42	H	38.857	-1.595	16.898
PRT	43	N	36.836	-5.358	25.969
PRT	44	H	37.557	-4.996	25.313
PRT	45	N	34.346	-2.372	25.305
PRT	46	H	38.333	-1.119	26.251
PRT	47	N	37.008	-2.017	19.545
PRT	48	H	34.465	-1.951	21.947
PRT	49	O	34.914	-5.375	23.763
PRT	50	N	38.478	-1.435	27.231
PRT	51	H	38.624	-2.465	27.246
PRT	52	H	37.643	-1.194	27.802
PRT	53	H	35.937	-5.728	25.600
PRT	54	C	33.127	-2.985	25.440
PRT	55	C	34.361	-1.279	26.047
PRT	56	C	34.066	-3.741	20.180
PRT	57	C	33.364	-2.400	20.285
PRT	58	N	33.738	-1.611	21.285
PRT	59	C	35.836	-2.388	18.921
PRT	60	C	37.337	-0.790	19.172
PRT	61	O	35.290	0.769	21.097
PRT	62	O	40.369	0.008	20.174
PRT	63	N	39.163	-7.490	25.048
PRT	64	H	39.163	-7.414	24.011
PRT	65	H	38.355	-6.962	25.436
PRT	66	H	40.049	-7.097	25.426
PRT	67	C	37.784	-9.574	24.927
PRT	68	C	39.051	-8.923	25.439
PRT	69	O	35.323	-8.312	22.324
PRT	70	O	39.989	-3.900	18.792
PRT	71	O	34.471	-6.396	20.597
PRT	72	C	35.195	-3.722	19.136
PRT	73	C	33.437	-6.059	20.025
PRT	74	N	33.136	-4.789	19.814
PRT	75	O	41.143	-6.099	16.862
PRT	76	O	38.462	-8.373	14.035
PRT	77	C	34.943	-8.797	13.703
PRT	78	O	35.219	-9.781	14.388
PRT	79	C	33.401	-7.298	17.225
PRT	80	O	37.184	-11.289	14.210
PRT	81	O	34.415	-11.539	16.087
PRT	82	C	33.477	-8.428	13.521
PRT	83	O	35.823	-8.104	13.164
PRT	84	C	33.117	-8.040	18.530
PRT	85	C	32.292	-9.286	18.269
PRT	86	C	34.812	-11.548	19.944
PRT	87	N	33.727	-5.068	12.382
PRT	88	H	34.560	-5.154	12.999
PRT	89	H	37.022	-5.893	10.823
PRT	90	C	33.719	-4.179	11.400
PRT	91	O	34.676	-3.434	11.181
PRT	92	H	32.900	-5.680	12.536
PRT	93	C	33.529	-2.958	15.639
PRT	94	H	39.257	-2.420	12.828
PRT	95	C	39.768	-0.428	12.741
PRT	96	O	38.786	-0.064	12.084
PRT	97	N	39.952	-1.696	13.100
PRT	98	H	40.791	-1.963	13.653
PRT	99	O	38.992	-4.478	11.535
PRT	100	C	35.985	1.249	12.529
PRT	101	S	34.685	0.005	12.422
PRT	102	C	37.306	-1.967	9.901
PRT	103	C	38.432	-2.981	9.734
PRT	104	C	38.231	-4.234	10.594
PRT	105	N	37.204	-5.030	10.272
PRT	106	C	35.478	-1.337	18.142
PRT	107	N	36.422	-0.357	18.323
PRT	108	O	38.419	0.994	15.422
PRT	109	H	38.662	0.224	10.282
PRT	110	C	37.349	-0.816	8.894
PRT	111	H	36.588	-4.785	9.471
PRT	112	H	33.981	-2.167	9.547
PRT	113	O	40.545	1.388	16.771
INT	1	43	3.9
INT	1	44	3.2
INT	1	45	3.7
INT	1	46	3.8
INT	1	47	3.6
INT	1	48	3.1
INT	1	49	3.6
INT	2	43	3.6
INT	2	44	2.9
INT	2	45	3.6
INT	2	46	2.3
INT	2	50	3.1
INT	2	51	3.1
INT	2	52	3.7
INT	3	43	3.9
INT	3	44	3.5
INT	3	45	2.7
INT	3	47	3.9
INT	3	48	2.0
INT	3	49	2.7
INT	3	53	3.8
INT	3	54	3.5
INT	3	55	3.6
INT	3	56	3.5
INT	3	57	3.8
INT	3	58	3.0
INT	4	47	2.5
INT	4	48	3.4
INT	4	59	3.5
INT	4	60	3.1
INT	4	61	4.0
INT	4	62	3.8
INT	5	43	3.9
INT	5	44	2.9
INT	5	63	3.2
INT	5	64	2.4
INT	5	65	3.2
INT	5	66	3.4
INT	6	43	3.8
INT	6	44	3.2
INT	6	49	3.9
INT	6	53	3.9
INT	6	63	2.5
INT	6	64	1.6
INT	6	65	2.7
INT	6	66	3.2
INT	6	67	3.6
INT	6	68	3.5
INT	6	69	3.5
INT	7	44	3.1
INT	7	63	3.1
INT	7	64	2.7
INT	7	65	3.3
INT	7	66	2.8
INT	8	43	3.2
INT	8	44	2.4
INT	8	49	3.0
INT	8	53	3.4
INT	8	64	3.6
INT	8	65	3.7
INT	9	64	3.7
INT	9	70	2.7
INT	10	47	3.3
INT	10	59	3.8
INT	10	70	2.9
INT	10	71	3.8
INT	10	72	3.4
INT	11	70	3.4
INT	11	71	3.4
INT	11	72	3.7
INT	12	47	3.8
INT	12	56	3.7
INT	12	59	3.5
INT	12	70	3.6
INT	12	71	3.0
INT	12	72	2.6
INT	12	73	3.6
INT	12	74	4.0
INT	13	70	3.3
INT	13	75	3.2
INT	14	75	3.9
INT	15	75	3.5
INT	15	76	4.0
INT	17	76	3.6
INT	17	77	3.7
INT	17	78	3.0
INT	17	79	4.0
INT	17	80	3.3
INT	17	81	3.2
INT	18	76	3.8
INT	18	77	2.9
INT	18	78	2.4
INT	18	79	2.6
INT	18	80	3.9
INT	18	81	3.2
INT	18	82	3.6
INT	18	83	3.4
INT	18	84	3.2
INT	18	85	3.8
INT	19	76	2.4
INT	19	77	3.7
INT	19	78	3.0
INT	19	80	2.4
INT	19	81	3.8
INT	19	83	3.7
INT	20	78	3.7
INT	20	80	3.8
INT	20	81	2.8
INT	20	86	2.8
INT	21	71	3.8
INT	21	72	3.5
INT	21	79	3.7
INT	22	72	3.7
INT	22	76	4.0
INT	22	79	3.9
INT	23	76	3.6
INT	23	77	3.4
INT	23	78	4.0
INT	23	79	3.5
INT	23	83	3.0
INT	23	87	3.9
INT	23	88	3.0
INT	24	77	3.9
INT	24	83	3.2
INT	24	87	3.1
INT	24	88	2.0
INT	24	89	3.8
INT	24	90	3.9
INT	24	91	3.9
INT	24	92	3.7
INT	24	93	3.5
INT	25	88	3.1
INT	25	93	3.5
INT	25	94	3.6
INT	26	88	3.7
INT	26	93	3.7
INT	26	94	2.7
INT	26	95	3.9
INT	26	96	3.9
INT	26	97	3.3
INT	26	98	3.9
INT	26	99	3.9
INT	27	88	3.5
INT	27	90	3.8
INT	27	91	3.0
INT	27	94	2.6
INT	27	95	3.7
INT	27	96	3.3
INT	27	97	3.4
INT	27	99	3.5
INT	27	100	3.7
INT	27	101	3.2
INT	27	102	3.3
INT	27	103	3.9
INT	27	104	3.5
INT	27	105	3.9
INT	28	94	2.8
INT	28	95	3.5
INT	28	96	3.7
INT	28	97	3.0
INT	28	98	3.4
INT	28	106	3.8
INT	28	107	3.8
INT	28	108	3.0
INT	29	47	3.5
INT	29	59	3.5
INT	29	60	3.3
INT	29	70	3.4
INT	29	94	3.7
INT	29	97	3.7
INT	29	98	3.7
INT	29	106	3.5
INT	29	107	3.3
INT	29	108	3.4
INT	30	47	3.2
INT	30	59	3.2
INT	30	60	3.6
INT	30	70	2.7
INT	30	72	3.7
INT	30	75	4.0
INT	30	106	3.6
INT	30	107	3.8
INT	31	59	3.7
INT	31	70	3.7
INT	31	72	3.7
INT	32	47	2.4
INT	32	56	3.9
INT	32	59	2.9
INT	32	60	3.6
INT	32	70	2.3
INT	32	72	2.9
INT	33	47	3.4
INT	33	49	3.4
INT	33	56	3.5
INT	33	59	3.7
INT	33	70	3.8
INT	33	71	3.2
INT	33	72	3.2
INT	34	64	4.0
INT	34	69	3.0
INT	34	71	2.9
INT	35	70	2.5
INT	35	75	2.4
INT	37	75	2.8
INT	37	76	3.0
INT	38	71	3.3
INT	38	72	3.7
INT	38	73	3.6
INT	38	79	2.7
INT	38	84	3.2
INT	39	76	3.4
INT	39	77	2.5
INT	39	78	2.9
INT	39	79	3.0
INT	39	82	3.2
INT	39	83	2.4
INT	39	88	3.2
INT	40	91	3.3
INT	40	94	2.6
INT	40	95	3.1
INT	40	96	2.5
INT	40	97	3.2
INT	40	99	3.9
INT	40	100	2.8
INT	40	101	2.6
INT	40	102	3.0
INT	40	103	3.8
INT	40	104	3.8
INT	40	108	3.9
INT	40	109	3.5
INT	40	110	4.0
INT	41	87	3.1
INT	41	88	2.6
INT	41	89	3.4
INT	41	90	2.9
INT	41	91	2.0
INT	41	94	3.2
INT	41	99	3.4
INT	41	101	3.4
INT	41	102	3.1
INT	41	103	3.6
INT	41	104	3.1
INT	41	105	3.2
INT	41	111	3.6
INT	41	112	3.8
INT	42	47	3.3
INT	42	59	3.7
INT	42	60	2.9
INT	42	62	3.9
INT	42	70	3.2
INT	42	97	4.0
INT	42	98	3.8
INT	42	106	3.6
INT	42	107	3.1
INT	42	108	3.0
INT	42	113	3.4
