LIG	1	C	13.806	37.784	36.177
LIG	2	C	13.592	36.321	35.770
LIG	3	C	12.416	35.997	34.898
LIG	4	C	12.364	36.685	33.694
LIG	5	C	11.337	36.478	32.809
LIG	6	O	11.082	37.060	31.579
LIG	7	C	10.346	35.551	33.118
LIG	8	O	9.435	35.455	32.085
LIG	9	C	10.372	34.850	34.307
LIG	10	C	11.424	35.056	35.200
LIG	11	O	14.445	38.011	37.197
LIG	12	O	13.269	38.789	35.708
LIG	13	H	13.483	35.737	36.696
LIG	14	H	14.496	35.995	35.234
LIG	15	H	13.146	37.395	33.450
LIG	16	H	11.066	36.387	30.909
LIG	17	H	9.674	36.063	31.396
LIG	18	H	9.582	34.146	34.545
LIG	19	H	11.473	34.490	36.123
PRT	20	O	13.038	39.616	33.247
PRT	21	H	13.501	39.648	34.122
PRT	22	O	16.849	38.264	34.036
PRT	23	H	10.266	39.034	35.099
PRT	24	C	10.504	37.877	37.304
PRT	25	H	12.924	40.726	36.788
PRT	26	O	16.353	36.263	38.792
PRT	27	C	14.122	34.042	32.474
PRT	28	H	14.604	39.374	32.260
PRT	29	C	13.622	34.427	31.231
PRT	30	N	9.322	38.669	35.340
PRT	31	C	13.601	39.438	29.814
PRT	32	C	13.118	38.073	29.268
PRT	33	C	7.694	38.920	30.891
PRT	34	O	8.725	39.274	30.275
PRT	35	C	8.599	39.553	33.132
PRT	36	C	7.097	36.602	30.552
PRT	37	O	5.989	35.704	30.727
PRT	38	S	10.112	30.946	34.061
PRT	39	N	12.633	41.523	37.390
PRT	40	O	15.800	41.590	36.624
PRT	41	O	16.012	39.677	39.298
PRT	42	N	13.955	42.182	34.358
PRT	43	H	14.580	41.367	34.522
PRT	44	H	13.229	42.219	35.101
PRT	45	C	12.350	40.810	33.043
PRT	46	O	10.612	41.429	36.543
PRT	47	H	13.317	41.960	38.039
PRT	48	C	14.750	32.482	37.698
PRT	49	C	15.466	34.218	32.770
PRT	50	N	15.365	39.391	31.551
PRT	51	C	14.494	34.932	30.290
PRT	52	C	10.207	36.430	27.380
PRT	53	C	11.229	35.541	27.609
PRT	54	C	6.622	38.043	30.187
PRT	55	N	7.574	39.096	32.217
PRT	56	C	9.980	31.214	32.351
PRT	57	C	6.979	33.347	36.032
PRT	58	C	12.329	31.913	37.935
PRT	59	C	13.654	31.748	37.239
INT	1	20	3.5
INT	1	21	2.8
INT	1	22	3.8
INT	1	23	3.9
INT	1	24	3.5
INT	1	25	3.1
INT	1	26	4.0
INT	2	21	3.7
INT	2	24	3.8
INT	3	21	3.9
INT	3	23	3.7
INT	3	24	3.6
INT	3	27	3.6
INT	4	20	3.0
INT	4	21	3.2
INT	4	23	3.4
INT	4	27	3.4
INT	4	28	3.8
INT	4	29	3.6
INT	4	30	4.0
INT	5	20	3.6
INT	5	23	3.6
INT	5	27	3.7
INT	5	29	3.5
INT	5	30	3.9
INT	6	20	3.6
INT	6	29	3.7
INT	6	31	3.9
INT	6	32	3.2
INT	6	33	3.9
INT	6	34	3.5
INT	6	35	3.8
INT	7	29	3.9
INT	7	30	4.0
INT	8	36	3.0
INT	8	37	3.7
INT	9	38	3.9
INT	10	24	3.6
INT	10	27	4.0
INT	11	21	3.6
INT	11	22	4.0
INT	11	24	3.9
INT	11	25	3.1
INT	11	26	3.0
INT	11	39	4.0
INT	11	40	3.9
INT	11	41	3.1
INT	12	20	2.6
INT	12	21	1.8
INT	12	22	4.0
INT	12	23	3.1
INT	12	24	3.3
INT	12	25	2.2
INT	12	28	3.7
INT	12	30	4.0
INT	12	39	3.3
INT	12	40	3.9
INT	12	42	3.7
INT	12	43	3.1
INT	12	44	3.5
INT	12	45	3.5
INT	12	46	3.8
INT	12	47	3.9
INT	13	24	3.7
INT	13	26	3.6
INT	13	48	3.6
INT	14	21	3.9
INT	14	22	3.5
INT	14	27	3.4
INT	14	49	3.2
INT	15	20	2.2
INT	15	21	2.4
INT	15	22	3.8
INT	15	23	3.7
INT	15	27	3.6
INT	15	28	2.7
INT	15	29	3.7
INT	15	45	3.5
INT	15	49	4.0
INT	15	50	3.5
INT	16	29	3.2
INT	16	32	3.1
INT	16	34	3.8
INT	16	36	4.0
INT	16	51	3.8
INT	16	52	3.6
INT	16	53	3.4
INT	17	33	3.5
INT	17	34	3.5
INT	17	36	2.8
INT	17	37	3.8
INT	17	54	3.8
INT	17	55	3.8
INT	18	38	3.3
INT	18	56	3.7
INT	18	57	3.1
INT	19	24	3.7
INT	19	58	3.3
INT	19	59	3.7
