LIG	1	N	63.840	38.186	0.208
LIG	2	C	64.966	37.932	1.128
LIG	3	C	64.487	37.593	2.545
LIG	4	C	63.475	38.619	3.090
LIG	5	O	64.094	39.902	3.101
LIG	6	C	62.298	38.690	2.102
LIG	7	C	62.786	39.091	0.707
LIG	8	C	64.299	38.708	-1.096
LIG	9	C	65.108	37.680	-1.895
LIG	10	C	66.191	38.435	-2.684
LIG	11	C	66.492	37.788	-4.051
LIG	12	C	65.355	37.884	-4.910
LIG	13	C	64.966	39.133	-5.424
LIG	14	C	63.788	39.278	-6.163
LIG	15	C	62.984	38.165	-6.409
LIG	16	F	61.800	38.304	-7.075
LIG	17	C	63.386	36.911	-5.941
LIG	18	C	64.567	36.762	-5.205
LIG	19	C	63.119	38.348	4.449
LIG	20	C	64.134	38.128	5.400
LIG	21	C	63.832	37.768	6.715
LIG	22	C	62.501	37.639	7.113
LIG	23	Cl	62.144	37.096	8.736
LIG	24	C	61.475	37.899	6.189
LIG	25	C	61.779	38.266	4.868
LIG	26	S	66.976	36.057	-3.765
LIG	27	C	68.399	36.000	-4.896
LIG	28	C	68.851	37.362	-5.430
LIG	29	S	67.879	38.738	-4.784
LIG	30	H	63.405	37.291	0.045
LIG	31	H	65.598	38.831	1.173
LIG	32	H	65.556	37.088	0.742
LIG	33	H	65.359	37.568	3.215
LIG	34	H	64.010	36.602	2.528
LIG	35	H	63.480	40.546	3.435
LIG	36	H	61.572	39.435	2.458
LIG	37	H	61.814	37.704	2.046
LIG	38	H	61.934	39.062	0.011
LIG	39	H	63.188	40.114	0.752
LIG	40	H	64.930	39.591	-0.919
LIG	41	H	63.419	38.999	-1.688
LIG	42	H	64.446	37.143	-2.590
LIG	43	H	65.579	36.961	-1.209
LIG	44	H	67.116	38.447	-2.089
LIG	45	H	65.849	39.467	-2.851
LIG	46	H	65.591	40.000	-5.244
LIG	47	H	63.501	40.252	-6.543
LIG	48	H	62.774	36.041	-6.151
LIG	49	H	64.873	35.780	-4.863
LIG	50	H	65.171	38.240	5.105
LIG	51	H	64.631	37.589	7.426
LIG	52	H	60.440	37.816	6.499
LIG	53	H	60.979	38.486	4.170
LIG	54	H	68.128	35.369	-5.755
LIG	55	H	69.245	35.545	-4.359
LIG	56	H	68.761	37.355	-6.526
LIG	57	H	69.903	37.516	-5.149
PRT	58	O	66.456	41.490	1.741
PRT	59	O	58.487	39.829	2.435
PRT	60	O	68.276	40.262	-0.229
PRT	61	C	67.282	39.663	-8.391
PRT	62	C	65.314	42.821	-5.960
PRT	63	O	62.234	41.439	-8.664
PRT	64	H	63.179	41.725	-8.587
PRT	65	C	60.576	40.195	-9.888
PRT	66	C	62.080	40.609	-9.826
PRT	67	C	59.255	40.653	-7.397
PRT	68	C	65.511	35.101	-8.300
PRT	69	C	61.780	34.640	-3.860
PRT	70	O	66.054	37.432	8.802
PRT	71	C	65.726	37.002	10.117
PRT	72	H	66.771	36.855	8.437
PRT	73	C	60.605	40.376	8.638
PRT	74	C	59.187	35.415	9.566
PRT	75	C	65.258	35.548	9.949
PRT	76	C	59.190	39.970	8.156
PRT	77	C	62.141	34.434	4.066
PRT	78	O	64.901	33.408	-2.440
PRT	79	O	71.503	35.477	-6.771
PRT	80	O	71.098	37.465	-2.682
PRT	81	H	72.178	38.657	-5.836
PRT	82	H	59.864	35.602	-0.329
PRT	83	C	58.623	37.511	0.991
PRT	84	H	61.208	34.037	0.896
PRT	85	C	65.015	33.694	-7.870
PRT	86	C	59.567	34.872	-6.952
PRT	87	C	60.607	35.258	-3.100
PRT	88	C	66.115	32.875	-7.225
PRT	89	C	65.728	34.178	7.390
PRT	90	H	68.025	35.839	7.825
PRT	91	C	57.026	39.681	5.627
PRT	92	O	57.300	38.492	5.811
PRT	93	C	58.597	40.988	7.202
PRT	94	H	56.597	36.969	6.968
PRT	95	C	58.292	35.202	8.349
PRT	96	C	57.487	39.077	2.479
PRT	97	C	67.332	32.769	-8.147
PRT	98	O	71.047	40.257	-7.518
PRT	99	C	71.847	37.292	-8.241
PRT	100	C	72.307	36.027	-7.529
PRT	101	N	73.213	39.182	-3.879
PRT	102	H	72.473	38.555	-3.505
PRT	103	N	72.962	38.649	-6.519
INT	2	58	3.9
INT	5	58	3.2
INT	6	59	4.0
INT	10	60	3.7
INT	13	61	3.8
INT	13	62	3.7
INT	14	62	3.9
INT	14	63	3.7
INT	14	64	3.5
INT	16	63	3.5
INT	16	64	4.0
INT	16	65	3.6
INT	16	66	3.6
INT	16	67	3.5
INT	17	68	3.7
INT	17	69	3.5
INT	18	68	3.6
INT	18	69	3.8
INT	20	70	4.0
INT	21	70	3.1
INT	21	71	4.0
INT	21	72	3.5
INT	22	70	3.9
INT	22	73	3.7
INT	23	70	3.9
INT	23	71	3.8
INT	23	73	3.6
INT	23	74	3.5
INT	23	75	3.7
INT	24	73	3.6
INT	24	76	3.7
INT	25	77	3.9
INT	26	78	3.6
INT	27	79	3.7
INT	27	80	3.8
INT	28	79	3.5
INT	28	80	3.6
INT	28	81	3.6
INT	29	61	3.8
INT	30	82	3.9
INT	31	58	2.9
INT	31	60	3.3
INT	34	77	3.2
INT	35	58	3.6
INT	36	59	3.1
INT	36	83	3.8
INT	37	59	4.0
INT	37	77	3.9
INT	37	82	3.7
INT	37	83	3.4
INT	37	84	3.9
INT	38	83	3.8
INT	39	58	3.7
INT	40	58	3.6
INT	40	60	3.5
INT	42	69	3.9
INT	42	78	3.8
INT	43	78	3.8
INT	44	60	2.8
INT	45	60	3.7
INT	46	61	3.6
INT	46	62	2.9
INT	47	62	3.2
INT	47	63	2.7
INT	47	64	2.5
INT	47	66	3.6
INT	48	68	3.6
INT	48	69	2.9
INT	48	85	3.7
INT	48	86	3.5
INT	48	87	3.8
INT	49	68	3.6
INT	49	69	3.4
INT	49	78	3.4
INT	49	85	3.7
INT	49	88	3.9
INT	50	70	3.9
INT	50	72	3.9
INT	51	70	2.0
INT	51	71	3.0
INT	51	72	2.5
INT	51	75	3.3
INT	51	89	3.6
INT	51	90	3.8
INT	52	73	3.3
INT	52	76	3.0
INT	52	91	4.0
INT	52	92	3.3
INT	52	93	3.7
INT	52	94	4.0
INT	52	95	3.9
INT	53	59	3.3
INT	53	96	3.9
INT	54	68	3.7
INT	54	79	3.5
INT	54	88	3.5
INT	54	97	3.6
INT	55	79	3.3
INT	55	80	3.2
INT	56	61	3.3
INT	56	79	3.3
INT	56	81	3.7
INT	56	98	3.8
INT	56	99	3.5
INT	56	100	3.9
INT	57	79	3.1
INT	57	80	2.7
INT	57	81	2.6
INT	57	98	3.8
INT	57	99	3.7
INT	57	100	3.7
INT	57	101	3.9
INT	57	102	3.2
INT	57	103	3.5
