LIG	1	C	18.296	6.142	32.720
LIG	2	N	18.759	5.454	31.548
LIG	3	O	19.552	6.180	30.640
LIG	4	O	18.384	4.106	31.417
LIG	5	C	18.645	7.508	32.932
LIG	6	C	18.199	8.185	34.087
LIG	7	C	17.408	7.501	35.037
LIG	8	C	17.052	6.146	34.833
LIG	9	C	17.493	5.460	33.684
LIG	10	O	17.022	8.154	36.228
LIG	11	P	17.881	7.959	37.482
LIG	12	O	19.078	8.709	37.257
LIG	13	O	18.301	6.596	37.509
LIG	14	C	17.079	8.408	39.027
LIG	15	C	17.907	7.865	40.191
LIG	16	C	17.270	8.000	41.582
LIG	17	C	16.721	6.645	42.053
LIG	18	C	17.322	6.092	43.342
LIG	19	O	18.043	5.151	43.437
LIG	20	O	16.901	6.846	44.375
LIG	21	H	19.255	8.029	32.203
LIG	22	H	18.462	9.225	34.245
LIG	23	H	16.437	5.634	35.564
LIG	24	H	17.224	4.421	33.533
LIG	25	H	16.069	7.974	39.058
LIG	26	H	17.010	9.503	39.102
LIG	27	H	18.866	8.405	40.205
LIG	28	H	18.090	6.796	40.006
LIG	29	H	16.447	8.728	41.535
LIG	30	H	18.029	8.351	42.296
LIG	31	H	16.904	5.911	41.254
LIG	32	H	15.637	6.756	42.207
PRT	33	C	15.106	5.910	31.134
PRT	34	C	21.957	5.854	34.009
PRT	35	N	21.320	5.001	34.884
PRT	36	C	21.725	7.108	34.472
PRT	37	C	20.721	5.705	35.830
PRT	38	C	22.688	5.374	32.794
PRT	39	C	22.008	8.455	29.713
PRT	40	C	18.575	7.421	27.618
PRT	41	C	19.238	6.299	27.192
PRT	42	C	14.621	3.530	31.706
PRT	43	C	17.348	1.589	29.074
PRT	44	C	17.244	2.941	28.794
PRT	45	C	20.307	1.653	32.630
PRT	46	N	20.756	2.110	33.844
PRT	47	H	21.023	3.092	34.057
PRT	48	N	20.953	6.986	35.602
PRT	49	N	18.264	11.065	32.725
PRT	50	H	19.160	11.034	33.252
PRT	51	C	18.252	10.726	31.314
PRT	52	O	21.255	10.538	33.282
PRT	53	N	18.617	11.565	35.362
PRT	54	H	18.790	10.786	36.029
PRT	55	C	17.266	11.754	34.845
PRT	56	C	17.145	11.415	33.353
PRT	57	H	17.383	4.677	37.118
PRT	58	C	13.636	5.766	36.561
PRT	59	C	17.501	2.328	35.756
PRT	60	C	16.349	2.873	36.561
PRT	61	N	16.780	3.914	37.487
PRT	62	H	17.478	5.687	39.132
PRT	63	N	16.882	4.938	39.538
PRT	64	C	21.371	7.567	39.876
PRT	65	C	20.015	11.827	38.783
PRT	66	C	19.026	11.799	39.768
PRT	67	H	20.077	4.380	39.931
PRT	68	C	16.450	3.948	38.773
PRT	69	H	16.625	4.967	40.545
PRT	70	C	20.965	7.097	41.121
PRT	71	H	17.245	11.990	41.373
PRT	72	O	19.701	4.121	40.810
PRT	73	C	18.683	2.228	41.865
PRT	74	C	19.254	2.820	40.751
PRT	75	O	21.361	6.870	43.466
PRT	76	H	21.251	3.638	42.464
PRT	77	C	19.637	12.345	35.017
PRT	78	O	16.047	11.432	32.795
PRT	79	C	12.965	4.428	36.932
PRT	80	C	14.035	4.928	31.558
PRT	81	C	16.997	1.469	34.613
PRT	82	C	12.560	7.767	37.678
PRT	83	C	18.156	12.870	39.897
PRT	84	O	17.180	12.839	40.868
PRT	85	C	22.565	8.267	39.722
PRT	86	C	21.758	7.326	42.232
PRT	87	N	15.686	2.997	39.295
PRT	88	H	15.431	3.029	40.303
INT	1	33	3.6
INT	1	34	3.9
INT	1	35	3.9
INT	1	36	4.0
INT	1	37	4.0
INT	2	33	3.7
INT	3	38	3.9
INT	3	39	3.5
INT	3	40	3.4
INT	3	41	3.5
INT	4	33	3.8
INT	4	42	3.8
INT	4	43	3.6
INT	4	44	3.1
INT	4	45	3.3
INT	4	46	3.9
INT	4	47	3.9
INT	5	34	3.9
INT	5	36	3.5
INT	5	37	4.0
INT	5	48	3.6
INT	5	49	3.6
INT	5	50	3.6
INT	5	51	3.6
INT	6	36	3.7
INT	6	37	3.9
INT	6	48	3.4
INT	6	49	3.2
INT	6	50	3.1
INT	6	51	3.8
INT	6	52	3.9
INT	6	53	3.6
INT	6	54	3.3
INT	6	55	3.8
INT	6	56	3.5
INT	7	37	3.9
INT	7	48	3.6
INT	7	54	3.7
INT	7	57	3.5
INT	8	37	3.8
INT	8	57	2.7
INT	8	58	3.8
INT	8	59	4.0
INT	8	60	3.8
INT	8	61	3.5
INT	9	33	3.5
INT	9	37	3.9
INT	9	42	4.0
INT	9	57	3.5
INT	9	59	3.8
INT	10	53	3.9
INT	10	54	3.2
INT	10	55	3.9
INT	10	57	3.6
INT	10	62	3.8
INT	11	37	4.0
INT	11	48	3.7
INT	11	54	3.3
INT	11	57	3.3
INT	11	62	2.8
INT	11	63	3.8
INT	12	37	3.7
INT	12	48	3.0
INT	12	53	3.5
INT	12	54	2.4
INT	12	62	3.9
INT	12	64	3.7
INT	12	65	3.6
INT	12	66	4.0
INT	13	37	3.1
INT	13	48	3.3
INT	13	57	2.2
INT	13	61	3.1
INT	13	62	2.0
INT	13	63	3.0
INT	13	64	4.0
INT	13	67	3.7
INT	13	68	3.5
INT	13	69	3.8
INT	14	62	2.8
INT	14	63	3.5
INT	14	66	4.0
INT	14	69	3.8
INT	15	62	2.5
INT	15	63	3.2
INT	15	64	3.5
INT	15	69	3.2
INT	15	70	3.3
INT	16	62	3.4
INT	16	63	3.7
INT	16	69	3.3
INT	16	70	3.8
INT	16	71	4.0
INT	17	62	3.2
INT	17	63	3.0
INT	17	69	2.3
INT	18	63	4.0
INT	18	69	3.1
INT	18	72	4.0
INT	19	69	3.2
INT	19	72	3.3
INT	19	73	3.4
INT	19	74	3.8
INT	19	75	3.7
INT	19	76	3.7
INT	21	34	3.9
INT	21	36	3.5
INT	21	39	3.7
INT	21	48	3.9
INT	21	49	3.2
INT	21	50	3.2
INT	21	51	3.0
INT	21	52	3.4
INT	22	36	3.9
INT	22	48	3.6
INT	22	49	2.4
INT	22	50	2.2
INT	22	51	3.3
INT	22	52	3.2
INT	22	53	2.6
INT	22	54	2.4
INT	22	55	2.9
INT	22	56	2.7
INT	22	77	3.4
INT	22	78	3.6
INT	23	57	2.1
INT	23	58	3.0
INT	23	59	3.5
INT	23	60	2.9
INT	23	61	2.6
INT	23	62	3.7
INT	23	68	3.6
INT	23	79	3.9
INT	24	33	3.5
INT	24	42	3.3
INT	24	57	3.6
INT	24	59	3.1
INT	24	60	3.5
INT	24	80	3.8
INT	24	81	3.2
INT	25	62	2.7
INT	25	63	3.2
INT	25	69	3.4
INT	25	82	3.8
INT	26	54	3.8
INT	26	62	3.8
INT	26	65	3.8
INT	26	66	3.1
INT	26	71	3.4
INT	26	83	3.6
INT	26	84	3.8
INT	27	62	3.2
INT	27	64	2.7
INT	27	65	3.9
INT	27	66	3.4
INT	27	70	2.6
INT	27	85	3.7
INT	27	86	3.7
INT	28	57	3.7
INT	28	62	1.5
INT	28	63	2.3
INT	28	64	3.4
INT	28	67	3.1
INT	28	68	3.5
INT	28	69	2.4
INT	28	70	3.1
INT	28	72	3.2
INT	29	69	3.9
INT	29	71	3.4
INT	30	70	3.4
INT	30	71	3.8
INT	30	75	3.8
INT	30	86	3.9
INT	31	62	2.2
INT	31	63	2.0
INT	31	67	3.8
INT	31	68	3.2
INT	31	69	1.2
INT	31	72	3.4
INT	31	74	3.9
INT	31	87	3.7
INT	31	88	3.4
INT	32	62	3.7
INT	32	63	3.5
INT	32	69	2.6
