LIG	1	C	13.992	37.804	36.418
LIG	2	C	13.872	36.316	36.035
LIG	3	C	12.842	36.086	34.954
LIG	4	C	13.021	36.671	33.717
LIG	5	C	11.973	36.526	32.823
LIG	6	C	10.899	35.731	33.113
LIG	7	N	10.147	35.550	32.348
LIG	8	O	10.489	36.274	31.176
LIG	9	O	9.025	34.728	32.616
LIG	10	C	10.721	35.052	34.314
LIG	11	C	11.742	35.289	35.232
LIG	12	O	14.601	38.141	37.432
LIG	13	O	13.504	38.761	35.806
LIG	14	H	13.582	35.743	36.928
LIG	15	H	14.849	35.963	35.674
LIG	16	H	13.926	37.211	33.461
LIG	17	H	12.005	37.053	31.876
LIG	18	H	9.875	34.405	34.515
LIG	19	H	11.673	34.828	36.211
PRT	20	O	13.077	39.579	33.394
PRT	21	H	13.493	39.674	34.287
PRT	22	O	16.847	38.168	33.962
PRT	23	C	10.506	37.874	37.362
PRT	24	O	15.549	40.943	36.348
PRT	25	O	16.347	36.892	39.392
PRT	26	C	14.085	34.093	31.936
PRT	27	H	10.223	38.939	35.210
PRT	28	H	14.599	39.352	32.220
PRT	29	C	15.407	34.260	32.372
PRT	30	C	13.705	34.463	30.665
PRT	31	C	7.029	36.464	30.661
PRT	32	C	13.192	37.925	29.240
PRT	33	C	10.195	36.523	27.353
PRT	34	C	11.182	35.604	27.619
PRT	35	C	7.715	38.757	31.041
PRT	36	O	8.741	39.140	30.452
PRT	37	C	10.377	31.169	33.065
PRT	38	O	5.850	35.705	30.763
PRT	39	C	5.567	35.239	33.943
PRT	40	N	9.282	38.558	35.436
PRT	41	C	9.110	37.898	36.727
PRT	42	O	17.856	36.668	36.427
PRT	43	N	13.975	42.166	34.356
PRT	44	H	14.629	41.383	34.557
PRT	45	H	13.238	42.200	35.089
PRT	46	C	12.398	40.751	33.073
PRT	47	O	12.685	42.025	37.075
PRT	48	N	10.615	41.355	36.579
PRT	49	H	10.977	40.693	35.864
PRT	50	C	13.622	31.875	37.248
PRT	51	C	14.775	32.374	37.839
PRT	52	N	15.381	39.344	31.534
PRT	53	C	16.763	39.422	32.000
PRT	54	C	17.136	38.189	32.788
PRT	55	C	16.372	34.776	31.489
PRT	56	C	13.672	39.287	29.775
PRT	57	S	9.780	30.565	34.458
PRT	58	C	7.082	33.433	35.911
PRT	59	C	12.275	32.029	37.913
INT	1	20	3.6
INT	1	21	2.9
INT	1	22	3.8
INT	1	23	3.6
INT	1	24	3.5
INT	1	25	3.9
INT	2	21	3.8
INT	2	23	3.9
INT	3	20	3.8
INT	3	21	3.7
INT	3	23	3.8
INT	3	26	3.8
INT	3	27	3.9
INT	4	20	2.9
INT	4	21	3.1
INT	4	26	3.3
INT	4	27	3.9
INT	4	28	3.5
INT	4	29	3.6
INT	4	30	3.8
INT	5	20	3.3
INT	5	21	3.8
INT	5	26	3.3
INT	5	27	3.8
INT	5	28	3.9
INT	5	30	3.5
INT	6	26	3.8
INT	6	27	3.9
INT	6	30	3.9
INT	7	31	3.7
INT	8	30	3.7
INT	8	31	3.5
INT	8	32	3.7
INT	8	33	3.8
INT	8	34	3.7
INT	8	35	3.7
INT	8	36	3.4
INT	9	31	3.3
INT	9	37	3.8
INT	9	38	3.8
INT	9	39	3.7
INT	10	40	4.0
INT	11	23	3.6
INT	11	27	4.0
INT	11	41	4.0
INT	12	21	3.7
INT	12	24	3.2
INT	12	25	2.9
INT	12	42	3.7
INT	13	20	2.6
INT	13	21	1.8
INT	13	22	3.9
INT	13	23	3.5
INT	13	24	3.0
INT	13	27	3.3
INT	13	28	3.8
INT	13	43	3.7
INT	13	44	3.1
INT	13	45	3.5
INT	13	46	3.6
INT	13	47	3.6
INT	13	48	4.0
INT	13	49	3.2
INT	14	23	3.8
INT	14	25	3.9
INT	14	50	3.9
INT	14	51	3.7
INT	15	22	3.4
INT	15	29	3.8
INT	15	42	3.2
INT	16	20	2.5
INT	16	21	2.6
INT	16	22	3.1
INT	16	26	3.5
INT	16	28	2.6
INT	16	29	3.5
INT	16	30	3.9
INT	16	46	3.9
INT	16	52	3.2
INT	16	53	3.9
INT	16	54	3.4
INT	16	55	4.0
INT	17	20	3.1
INT	17	21	3.9
INT	17	26	3.6
INT	17	28	3.5
INT	17	30	3.3
INT	17	32	3.0
INT	17	46	3.9
INT	17	56	3.5
INT	18	37	3.6
INT	18	57	3.8
INT	18	58	3.3
INT	19	23	3.5
INT	19	50	3.7
INT	19	59	3.3
