LIG	1	C	13.572	37.520	36.101
LIG	2	C	13.018	36.108	35.857
LIG	3	C	11.982	36.020	34.763
LIG	4	C	12.072	36.851	33.651
LIG	5	C	11.110	36.758	32.673
LIG	6	O	11.065	37.508	31.521
LIG	7	C	10.038	35.873	32.731
LIG	8	C	9.951	35.062	33.831
LIG	9	C	10.920	35.127	34.811
LIG	10	O	10.766	34.425	35.634
LIG	11	O	14.434	37.703	36.952
LIG	12	O	13.142	38.503	35.493
LIG	13	H	12.560	35.753	36.792
LIG	14	H	13.858	35.452	35.587
LIG	15	H	12.887	37.560	33.557
LIG	16	H	11.805	38.104	31.503
LIG	17	H	9.301	35.827	31.937
LIG	18	H	9.122	34.370	33.932
LIG	19	H	11.466	34.524	36.268
PRT	20	O	13.092	39.613	33.079
PRT	21	H	13.572	39.617	33.945
PRT	22	O	16.777	38.113	33.882
PRT	23	H	10.259	38.798	35.092
PRT	24	C	10.495	37.730	37.257
PRT	25	C	14.052	34.267	31.902
PRT	26	N	9.296	38.505	35.353
PRT	27	C	9.103	37.844	36.641
PRT	28	C	12.390	40.772	32.945
PRT	29	H	14.597	39.359	32.220
PRT	30	C	13.701	34.550	30.605
PRT	31	C	8.576	39.492	33.183
PRT	32	C	8.321	38.751	34.503
PRT	33	C	13.601	39.347	29.758
PRT	34	C	13.090	38.012	29.191
PRT	35	C	7.648	38.848	30.966
PRT	36	O	8.666	39.234	30.351
PRT	37	N	7.520	39.052	32.277
PRT	38	C	7.153	36.524	30.452
PRT	39	S	10.015	31.018	33.955
PRT	40	C	12.374	32.048	38.007
PRT	41	C	7.053	33.335	36.130
PRT	42	O	16.051	36.349	39.468
PRT	43	O	17.394	36.380	37.462
PRT	44	O	16.342	39.319	38.900
PRT	45	N	13.929	42.131	34.370
PRT	46	H	14.588	41.351	34.568
PRT	47	H	13.146	42.107	35.054
PRT	48	H	13.232	41.581	36.294
PRT	49	C	13.707	31.865	37.326
PRT	50	C	14.848	32.416	37.885
PRT	51	C	15.383	34.400	32.328
PRT	52	N	15.358	39.352	31.512
PRT	53	N	13.535	40.284	28.646
PRT	54	C	15.059	39.271	30.220
PRT	55	C	6.597	37.981	30.237
PRT	56	O	6.028	35.698	30.689
PRT	57	C	10.102	31.095	32.207
PRT	58	C	5.649	35.221	33.981
INT	1	20	3.7
INT	1	21	3.0
INT	1	22	3.9
INT	1	23	3.7
INT	1	24	3.3
INT	2	23	3.9
INT	2	24	3.3
INT	3	23	3.3
INT	3	24	3.4
INT	3	25	3.9
INT	3	26	3.7
INT	3	27	3.9
INT	4	20	3.0
INT	4	21	3.2
INT	4	23	3.0
INT	4	25	3.7
INT	4	26	3.7
INT	4	28	4.0
INT	4	29	3.8
INT	5	20	3.5
INT	5	21	4.0
INT	5	23	3.3
INT	5	25	3.9
INT	5	26	3.7
INT	5	30	4.0
INT	5	31	3.8
INT	5	32	3.9
INT	6	20	3.3
INT	6	23	3.9
INT	6	28	3.8
INT	6	31	3.6
INT	6	33	3.6
INT	6	34	3.1
INT	6	35	3.7
INT	6	36	3.2
INT	6	37	3.9
INT	7	23	3.8
INT	7	26	3.8
INT	7	31	3.9
INT	7	32	3.8
INT	7	38	3.7
INT	8	23	4.0
INT	8	26	3.8
INT	9	23	3.7
INT	9	24	3.6
INT	9	26	3.8
INT	9	27	3.7
INT	10	24	3.7
INT	10	27	3.9
INT	10	39	3.9
INT	10	40	3.7
INT	10	41	3.9
INT	11	21	3.7
INT	11	22	3.9
INT	11	24	4.0
INT	11	42	3.3
INT	11	43	3.3
INT	11	44	3.2
INT	12	20	2.7
INT	12	21	2.0
INT	12	22	4.0
INT	12	23	2.9
INT	12	24	3.3
INT	12	26	3.8
INT	12	28	3.5
INT	12	29	3.7
INT	12	45	3.9
INT	12	46	3.3
INT	12	47	3.6
INT	12	48	3.2
INT	13	24	2.9
INT	13	40	3.9
INT	14	25	3.9
INT	14	49	4.0
INT	14	50	3.9
INT	14	51	3.7
INT	15	20	2.1
INT	15	21	2.2
INT	15	22	3.9
INT	15	23	3.3
INT	15	25	3.9
INT	15	28	3.3
INT	15	29	2.8
INT	15	52	3.7
INT	16	20	2.5
INT	16	21	3.4
INT	16	23	4.0
INT	16	28	3.1
INT	16	29	3.1
INT	16	31	3.9
INT	16	33	2.8
INT	16	34	2.6
INT	16	36	3.5
INT	16	52	3.8
INT	16	53	4.0
INT	16	54	3.7
INT	17	31	3.9
INT	17	35	3.6
INT	17	36	3.8
INT	17	37	3.7
INT	17	38	2.7
INT	17	55	3.9
INT	17	56	3.5
INT	18	39	3.5
INT	18	41	3.2
INT	18	57	3.8
INT	18	58	3.6
INT	19	24	3.5
INT	19	40	3.2
INT	19	49	3.6
