LIG	1	S	10.757	34.924	34.344
LIG	2	C	11.860	36.159	33.853
LIG	3	C	11.474	36.761	32.662
LIG	4	C	10.300	36.176	32.138
LIG	5	C	9.789	35.223	32.952
LIG	6	C	13.085	36.522	34.644
LIG	7	C	12.714	37.814	35.442
LIG	8	O	12.065	38.763	35.085
LIG	9	O	13.508	37.787	36.506
LIG	10	H	12.011	37.583	32.190
LIG	11	H	9.855	36.460	31.185
LIG	12	H	8.858	34.697	32.747
LIG	13	H	13.931	36.719	33.969
LIG	14	H	13.349	35.708	35.335
PRT	15	S	9.919	31.134	34.120
PRT	16	C	12.877	33.375	37.232
PRT	17	C	13.216	32.705	36.052
PRT	18	N	9.244	38.299	35.416
PRT	19	H	10.231	38.546	35.199
PRT	20	C	8.944	37.598	36.663
PRT	21	C	10.215	37.174	37.413
PRT	22	O	13.113	39.701	32.975
PRT	23	H	13.449	39.684	33.906
PRT	24	C	14.079	34.232	31.852
PRT	25	C	13.661	34.430	30.550
PRT	26	C	8.553	39.387	33.249
PRT	27	C	7.615	38.735	31.041
PRT	28	O	8.710	38.892	30.444
PRT	29	C	7.083	36.381	30.487
PRT	30	C	8.300	38.625	34.562
PRT	31	C	13.752	34.338	37.706
PRT	32	C	14.944	34.640	37.056
PRT	33	C	14.394	32.994	35.407
PRT	34	C	15.282	33.985	35.862
PRT	35	N	10.932	40.979	36.869
PRT	36	H	11.363	40.384	36.132
PRT	37	O	15.233	39.883	35.705
PRT	38	N	13.894	42.157	34.367
PRT	39	H	14.541	41.355	34.508
PRT	40	H	13.105	42.090	35.041
PRT	41	C	12.410	40.890	32.756
PRT	42	H	10.019	40.709	37.287
PRT	43	O	16.082	37.170	39.124
PRT	44	O	14.270	39.789	38.858
PRT	45	C	13.699	39.414	29.749
PRT	46	C	13.192	38.018	29.260
PRT	47	H	14.699	39.629	32.143
PRT	48	C	10.229	36.573	27.378
PRT	49	C	11.180	35.593	27.662
PRT	50	H	7.585	37.974	28.391
PRT	51	C	6.561	37.872	30.306
PRT	52	N	7.454	39.024	32.363
PRT	53	C	10.224	31.197	32.358
PRT	54	O	5.909	35.586	30.680
PRT	55	C	5.719	35.069	34.001
PRT	56	C	17.117	38.186	32.597
PRT	57	O	16.818	38.201	33.780
PRT	58	C	15.416	34.392	32.164
INT	1	15	3.9
INT	1	16	3.9
INT	1	17	3.7
INT	1	18	3.9
INT	1	19	3.8
INT	1	20	4.0
INT	1	21	3.8
INT	2	18	3.7
INT	2	19	3.2
INT	2	22	3.9
INT	2	23	3.9
INT	2	24	3.6
INT	3	18	3.9
INT	3	19	3.3
INT	3	22	3.4
INT	3	23	3.7
INT	3	24	3.7
INT	3	25	3.8
INT	3	26	4.0
INT	4	19	3.9
INT	4	26	3.8
INT	4	27	3.9
INT	4	28	3.6
INT	4	29	3.6
INT	4	30	4.0
INT	5	18	4.0
INT	5	29	3.8
INT	6	19	3.5
INT	6	22	3.6
INT	6	23	3.3
INT	6	24	3.7
INT	6	31	3.8
INT	6	32	3.6
INT	6	33	3.8
INT	6	34	3.6
INT	7	18	3.5
INT	7	19	2.6
INT	7	20	4.0
INT	7	21	3.2
INT	7	22	3.1
INT	7	23	2.5
INT	7	35	3.9
INT	7	36	3.0
INT	7	37	3.3
INT	8	18	2.9
INT	8	19	1.9
INT	8	20	3.7
INT	8	21	3.4
INT	8	22	2.5
INT	8	23	2.0
INT	8	30	3.8
INT	8	35	3.1
INT	8	36	2.1
INT	8	37	3.4
INT	8	38	3.9
INT	8	39	3.6
INT	8	40	3.5
INT	8	41	3.2
INT	8	42	3.6
INT	9	19	3.6
INT	9	21	3.5
INT	9	23	3.2
INT	9	31	3.7
INT	9	32	3.5
INT	9	36	3.4
INT	9	37	2.8
INT	9	43	3.7
INT	9	44	3.2
INT	10	19	3.6
INT	10	22	2.5
INT	10	23	3.1
INT	10	24	4.0
INT	10	25	3.9
INT	10	28	4.0
INT	10	41	3.4
INT	10	45	3.5
INT	10	46	3.2
INT	10	47	3.4
INT	11	26	3.8
INT	11	27	3.2
INT	11	28	2.8
INT	11	29	2.9
INT	11	48	3.8
INT	11	49	3.9
INT	11	50	3.9
INT	11	51	3.7
INT	11	52	3.7
INT	12	15	4.0
INT	12	29	3.3
INT	12	53	3.8
INT	12	54	3.7
INT	12	55	3.4
INT	13	22	3.2
INT	13	23	3.0
INT	13	24	3.3
INT	13	32	3.9
INT	13	34	3.6
INT	13	37	3.8
INT	13	47	3.5
INT	13	56	3.8
INT	13	57	3.3
INT	13	58	3.3
INT	14	16	3.0
INT	14	17	3.1
INT	14	24	3.9
INT	14	31	2.8
INT	14	32	2.6
INT	14	33	2.9
INT	14	34	2.6
