LIG	1	C	8.651	-49.783	37.424
LIG	2	C	8.971	-49.063	36.296
LIG	3	C	9.871	-49.536	35.439
LIG	4	C	9.247	-50.961	37.717
LIG	5	C	10.179	-51.461	36.829
LIG	6	C	10.493	-50.746	35.664
LIG	7	C	11.366	-51.298	34.664
LIG	8	C	10.652	-52.267	33.674
LIG	9	S	11.880	-53.031	32.703
LIG	10	C	9.611	-51.554	32.853
LIG	11	O	9.935	-50.438	32.312
LIG	12	O	8.456	-52.114	32.706
LIG	13	H	7.897	-49.394	38.099
LIG	14	H	8.490	-48.111	36.106
LIG	15	H	10.119	-48.963	34.553
LIG	16	H	9.000	-51.499	38.625
LIG	17	H	10.668	-52.407	37.032
LIG	18	H	12.170	-51.851	35.172
LIG	19	H	11.800	-50.469	34.086
LIG	20	H	10.138	-53.046	34.256
LIG	21	H	12.546	-53.490	33.305
PRT	22	C	6.386	-52.345	35.359
PRT	23	C	9.707	-45.879	37.809
PRT	24	C	8.576	-54.742	37.487
PRT	25	N	9.362	-54.704	36.360
PRT	26	C	12.604	-50.676	39.476
PRT	27	H	12.153	-53.174	39.136
PRT	28	C	10.491	-55.345	36.603
PRT	29	C	13.226	-51.573	38.411
PRT	30	O	14.037	-51.127	37.575
PRT	31	N	12.832	-52.845	38.420
PRT	32	H	13.203	-53.509	37.711
PRT	33	H	9.450	-47.369	30.476
PRT	34	C	7.405	-47.758	32.464
PRT	35	N	12.317	-48.205	30.536
PRT	36	H	12.071	-48.720	31.405
PRT	37	H	11.470	-47.734	30.159
PRT	38	O	9.039	-50.565	28.777
PRT	39	N	5.330	-53.988	32.057
PRT	40	H	6.284	-53.871	32.455
PRT	41	H	5.018	-53.387	31.267
PRT	42	C	8.580	-48.964	41.965
PRT	43	C	6.301	-46.258	34.019
PRT	44	C	6.498	-47.543	33.468
PRT	45	C	8.132	-46.654	32.010
PRT	46	C	12.557	-46.835	33.248
PRT	47	C	9.264	-55.426	38.430
PRT	48	C	9.642	-52.991	41.550
PRT	49	N	10.455	-55.791	37.846
PRT	50	H	12.536	-55.096	39.113
INT	1	22	4.0
INT	2	23	3.6
INT	4	22	4.0
INT	4	24	3.8
INT	4	25	4.0
INT	4	26	3.8
INT	4	27	3.9
INT	5	24	3.7
INT	5	25	3.4
INT	5	26	3.7
INT	5	27	3.5
INT	5	28	3.9
INT	5	29	3.4
INT	5	30	3.9
INT	5	31	3.4
INT	5	32	3.8
INT	6	29	4.0
INT	7	30	4.0
INT	8	25	3.8
INT	11	33	3.6
INT	11	34	3.7
INT	11	35	3.7
INT	11	36	2.9
INT	11	37	3.8
INT	11	38	3.6
INT	12	22	3.4
INT	12	39	3.7
INT	12	40	2.8
INT	12	41	3.9
INT	13	23	4.0
INT	13	42	3.9
INT	14	23	3.1
INT	14	34	3.8
INT	14	43	3.5
INT	14	44	3.4
INT	15	34	3.6
INT	15	36	3.7
INT	15	45	4.0
INT	15	46	3.5
INT	16	24	3.5
INT	16	25	3.9
INT	16	26	3.8
INT	16	27	3.6
INT	16	47	3.9
INT	16	48	3.3
INT	17	24	3.2
INT	17	25	2.7
INT	17	26	3.6
INT	17	27	2.7
INT	17	28	3.0
INT	17	29	3.0
INT	17	30	3.6
INT	17	31	2.6
INT	17	32	2.8
INT	17	47	3.6
INT	17	49	3.5
INT	17	50	3.9
INT	18	29	3.4
INT	18	30	3.1
INT	18	31	3.5
INT	18	32	3.2
INT	19	36	3.2
INT	19	46	3.8
INT	20	22	4.0
INT	20	24	4.0
INT	20	25	2.8
INT	20	28	3.3
