LIG	1	P	8.094	-1.735	18.446
LIG	2	O	8.942	-0.509	18.723
LIG	3	O	8.469	-3.108	18.908
LIG	4	O	6.541	-1.381	18.575
LIG	5	O	7.931	-2.097	16.886
LIG	6	C	9.167	-2.415	16.289
LIG	7	C	8.907	-2.451	14.791
LIG	8	O	9.892	-2.135	13.999
LIG	9	O	7.838	-2.815	14.318
LIG	10	H	9.521	-3.396	16.640
LIG	11	H	9.917	-1.647	16.529
PRT	12	H	5.850	-2.003	15.265
PRT	13	N	6.340	-4.982	19.361
PRT	14	H	7.134	-4.312	19.414
PRT	15	H	11.959	-2.624	18.487
PRT	16	N	10.015	-3.405	20.799
PRT	17	H	9.315	-3.261	20.043
PRT	18	N	8.824	1.458	16.791
PRT	19	H	9.158	0.872	17.582
PRT	20	C	7.426	1.389	16.408
PRT	21	N	6.018	1.407	18.356
PRT	22	H	6.235	0.396	18.465
PRT	23	O	11.687	-0.927	18.591
PRT	24	O	8.485	0.781	21.006
PRT	25	O	5.810	-0.938	20.703
PRT	26	H	11.453	-1.460	20.952
PRT	27	C	11.096	2.097	16.736
PRT	28	C	9.692	2.247	16.162
PRT	29	C	6.535	2.135	17.368
PRT	30	H	7.511	2.685	20.118
PRT	31	O	9.051	-6.154	20.613
PRT	32	C	7.971	-6.423	18.247
PRT	33	C	6.550	-6.174	18.793
PRT	34	C	5.051	-4.575	19.910
PRT	35	N	12.198	-3.634	18.423
PRT	36	C	11.335	-4.610	19.086
PRT	37	C	11.144	-4.066	20.520
PRT	38	C	9.734	-2.877	22.139
PRT	39	H	8.359	-5.142	21.850
PRT	40	C	5.138	2.102	19.268
PRT	41	O	4.252	-1.789	16.977
PRT	42	N	5.484	-2.737	14.625
PRT	43	H	4.738	-3.279	15.107
PRT	44	H	6.257	-3.377	14.351
PRT	45	C	6.837	-5.758	16.055
PRT	46	O	11.899	-3.112	14.545
PRT	47	H	8.072	-0.565	11.764
PRT	48	N	8.249	-3.843	11.687
PRT	49	C	12.227	-4.051	13.825
PRT	50	O	11.433	-4.449	12.908
PRT	51	C	8.885	-3.570	10.502
PRT	52	C	12.804	-0.101	12.528
PRT	53	C	12.728	-1.280	11.558
PRT	54	C	4.906	-2.079	13.379
PRT	55	C	7.325	-4.765	11.475
PRT	56	O	4.884	-4.841	12.868
PRT	57	C	7.842	-6.745	16.748
PRT	58	C	9.203	-7.129	16.107
PRT	59	C	13.275	-3.997	17.743
PRT	60	C	12.855	0.872	15.539
PRT	61	O	12.700	-0.108	16.240
INT	1	12	3.9
INT	1	13	3.8
INT	1	14	2.9
INT	1	15	4.0
INT	1	16	3.5
INT	1	17	2.5
INT	1	18	3.7
INT	1	19	2.9
INT	1	20	3.8
INT	1	21	3.8
INT	1	22	2.8
INT	1	23	3.7
INT	1	24	3.6
INT	1	25	3.3
INT	2	15	3.7
INT	2	16	3.7
INT	2	17	3.1
INT	2	18	2.8
INT	2	19	1.8
INT	2	20	3.4
INT	2	21	3.5
INT	2	22	2.9
INT	2	23	2.8
INT	2	24	2.7
INT	2	25	3.7
INT	2	26	3.5
INT	2	27	3.9
INT	2	28	3.8
INT	2	29	3.8
INT	2	30	3.8
INT	3	13	2.9
INT	3	14	1.9
INT	3	15	3.5
INT	3	16	2.5
INT	3	17	1.4
INT	3	23	3.9
INT	3	25	3.9
INT	3	26	4.0
INT	3	31	3.5
INT	3	32	3.4
INT	3	33	3.6
INT	3	34	3.9
INT	3	35	3.8
INT	3	36	3.2
INT	3	37	3.3
INT	3	38	3.5
INT	3	39	3.6
INT	4	12	3.4
INT	4	13	3.7
INT	4	14	3.1
INT	4	17	3.7
INT	4	19	3.6
INT	4	20	3.6
INT	4	21	2.8
INT	4	22	1.8
INT	4	24	3.8
INT	4	25	2.3
INT	4	29	3.7
INT	4	34	3.8
INT	4	40	3.8
INT	4	41	2.8
INT	5	12	2.6
INT	5	14	3.5
INT	5	17	3.6
INT	5	18	3.7
INT	5	19	3.3
INT	5	20	3.6
INT	5	22	3.4
INT	5	41	3.7
INT	5	42	3.4
INT	5	43	3.8
INT	5	44	3.3
INT	5	45	3.9
INT	6	12	3.5
INT	6	15	3.6
INT	6	17	3.9
INT	6	18	3.9
INT	6	19	3.5
INT	6	23	3.7
INT	6	35	3.9
INT	6	44	3.6
INT	6	46	3.3
INT	7	12	3.1
INT	7	42	3.4
INT	7	44	2.8
INT	7	46	3.1
INT	7	47	3.7
INT	7	48	3.5
INT	7	49	3.8
INT	7	50	3.7
INT	8	44	3.9
INT	8	46	2.3
INT	8	47	3.3
INT	8	48	3.3
INT	8	49	3.0
INT	8	50	3.0
INT	8	51	3.9
INT	8	52	3.8
INT	8	53	3.8
INT	9	12	2.3
INT	9	42	2.4
INT	9	43	3.2
INT	9	44	1.7
INT	9	45	3.6
INT	9	47	3.4
INT	9	48	2.9
INT	9	54	3.2
INT	9	55	3.5
INT	9	56	3.9
INT	10	14	3.8
INT	10	15	3.2
INT	10	17	3.4
INT	10	23	3.8
INT	10	32	3.8
INT	10	35	3.2
INT	10	36	3.3
INT	10	44	4.0
INT	10	45	3.6
INT	10	46	3.2
INT	10	49	4.0
INT	10	57	3.7
INT	10	58	3.8
INT	10	59	4.0
INT	11	15	3.0
INT	11	17	3.9
INT	11	18	3.3
INT	11	19	2.8
INT	11	20	3.9
INT	11	23	2.8
INT	11	27	3.9
INT	11	28	3.9
INT	11	35	3.6
INT	11	46	3.2
INT	11	60	4.0
INT	11	61	3.2
