LIG	1	P	10.509	-4.870	-3.736
LIG	2	O	9.705	-4.217	-4.863
LIG	3	O	11.893	-5.590	-4.289
LIG	4	O	9.653	-5.837	-2.941
LIG	5	P	11.824	-3.972	-1.437
LIG	6	O	10.934	-3.568	-0.325
LIG	7	O	12.296	-5.373	-1.286
LIG	8	O	11.070	-3.797	-2.773
LIG	9	O	13.058	-2.953	-1.625
LIG	10	C	12.773	-1.579	-1.763
LIG	11	C	13.204	-1.041	-3.143
LIG	12	O	14.587	-0.629	-3.093
LIG	13	C	13.068	-1.964	-4.344
LIG	14	O	11.809	-1.863	-5.013
LIG	15	C	14.206	-1.565	-5.238
LIG	16	O	13.839	-0.536	-6.160
LIG	17	C	15.270	-1.115	-4.262
LIG	18	N	16.286	-2.195	-4.006
LIG	19	C	16.321	-3.083	-2.999
LIG	20	N	17.404	-3.867	-3.151
LIG	21	C	18.052	-3.479	-4.237
LIG	22	C	19.219	-3.872	-4.927
LIG	23	N	19.974	-4.893	-4.476
LIG	24	N	19.598	-3.211	-6.071
LIG	25	C	18.880	-2.179	-6.571
LIG	26	N	17.760	-1.800	-5.924
LIG	27	C	17.323	-2.405	-4.784
LIG	28	H	13.310	-1.023	-0.980
LIG	29	H	11.690	-1.426	-1.643
LIG	30	H	12.579	-0.158	-3.343
LIG	31	H	13.196	-3.007	-4.019
LIG	32	H	11.688	-0.974	-5.326
LIG	33	H	14.561	-2.434	-5.812
LIG	34	H	13.127	-0.844	-6.709
LIG	35	H	15.813	-0.269	-4.708
LIG	36	H	15.593	-3.156	-2.192
LIG	37	H	20.823	-5.171	-4.988
LIG	38	H	19.702	-5.396	-3.619
LIG	39	H	19.199	-1.668	-7.472
PRT	40	H	8.129	-2.579	-3.209
PRT	41	C	7.790	-5.254	-0.857
PRT	42	O	8.277	-4.157	-1.146
PRT	43	O	10.270	-7.721	-1.578
PRT	44	O	9.078	-7.979	-4.132
PRT	45	O	12.562	-7.190	-5.831
PRT	46	N	7.483	-1.874	-2.800
PRT	47	C	14.992	-7.193	-2.886
PRT	48	O	13.956	-7.592	-3.415
PRT	49	H	14.107	-6.329	-1.242
PRT	50	O	13.374	-5.627	-6.542
PRT	51	O	12.593	-9.281	-5.165
PRT	52	C	6.938	-6.006	-1.865
PRT	53	N	7.989	-5.835	0.319
PRT	54	H	9.887	-7.104	0.079
PRT	55	N	12.987	-6.315	1.450
PRT	56	H	12.375	-5.813	0.776
PRT	57	C	14.376	-4.307	1.253
PRT	58	C	8.794	-5.181	1.341
PRT	59	C	9.860	-6.132	1.885
PRT	60	N	10.281	-7.069	1.041
PRT	61	N	15.001	-6.530	-1.734
PRT	62	H	15.902	-6.212	-1.324
PRT	63	C	11.280	-8.044	1.436
PRT	64	C	12.610	-7.496	1.921
PRT	65	C	14.248	-5.711	1.865
PRT	66	O	12.735	1.948	-1.204
PRT	67	C	15.978	0.127	-0.110
PRT	68	O	10.366	1.405	-2.454
PRT	69	C	14.197	2.776	-3.814
PRT	70	O	10.365	1.118	-5.208
PRT	71	O	12.217	-3.643	-8.051
PRT	72	O	11.692	-0.519	-7.886
PRT	73	O	16.287	0.327	-7.291
PRT	74	O	15.806	-4.983	-6.521
PRT	75	C	13.979	3.141	-5.263
PRT	76	O	14.658	2.620	-6.149
PRT	77	S	18.299	1.279	-4.143
PRT	78	O	17.630	-5.693	-1.155
PRT	79	C	16.331	-7.444	-3.536
PRT	80	O	22.404	-6.150	-5.626
PRT	81	O	21.953	-3.158	-7.541
PRT	82	O	19.988	-7.290	-2.321
PRT	83	O	22.555	-7.125	-3.044
PRT	84	C	19.504	-5.212	-8.766
PRT	85	H	21.676	-1.908	-9.218
PRT	86	O	22.735	-1.682	-5.293
PRT	87	C	18.995	1.713	-5.751
PRT	88	C	19.569	0.159	-3.534
PRT	89	O	15.857	-3.543	-8.874
PRT	90	C	13.426	2.924	-1.483
PRT	91	O	10.807	1.458	0.774
PRT	92	C	8.279	-0.749	-2.218
PRT	93	C	13.306	3.572	-2.855
PRT	94	C	16.779	-3.551	1.426
PRT	95	C	19.758	-8.789	-6.087
PRT	96	C	23.049	-6.383	-6.669
PRT	97	O	23.190	-5.535	-7.579
PRT	98	C	23.278	-2.636	-4.368
PRT	99	C	21.413	-4.393	-0.193
PRT	100	C	19.177	-1.499	-10.921
PRT	101	N	21.995	-0.959	-9.499
PRT	102	C	22.427	-0.012	-8.491
PRT	103	C	21.404	1.085	-8.249
PRT	104	O	20.352	1.145	-8.904
PRT	105	O	17.463	1.252	-9.100
INT	1	40	3.3
INT	1	41	4.0
INT	1	42	3.5
INT	1	43	3.6
INT	1	44	3.4
INT	1	45	3.7
INT	2	40	2.8
INT	2	42	4.0
INT	2	44	3.9
INT	2	46	3.8
INT	3	43	3.8
INT	3	44	3.7
INT	3	45	2.3
INT	3	47	3.8
INT	3	48	3.0
INT	3	49	3.8
INT	3	50	2.7
INT	3	51	3.9
INT	4	40	3.6
INT	4	41	2.9
INT	4	42	2.8
INT	4	43	2.4
INT	4	44	2.5
INT	4	52	2.9
INT	4	53	3.7
INT	4	54	3.3
INT	5	42	3.6
INT	5	49	3.3
INT	5	54	4.0
INT	5	55	3.9
INT	5	56	2.9
INT	5	57	3.7
INT	6	41	3.6
INT	6	42	2.8
INT	6	53	3.8
INT	6	54	3.7
INT	6	55	3.9
INT	6	56	2.9
INT	6	57	3.9
INT	6	58	3.2
INT	6	59	3.6
INT	6	60	3.8
INT	7	43	3.1
INT	7	47	3.6
INT	7	48	3.5
INT	7	49	2.0
INT	7	54	3.3
INT	7	55	3.0
INT	7	56	2.1
INT	7	57	3.5
INT	7	60	3.5
INT	7	61	3.0
INT	7	62	3.7
INT	7	63	3.9
INT	7	64	3.9
INT	7	65	3.7
INT	8	40	3.2
INT	8	42	3.3
INT	9	49	3.6
INT	9	56	3.8
INT	9	57	3.4
INT	10	66	3.6
INT	10	67	4.0
INT	10	68	3.9
INT	11	66	3.6
INT	11	68	3.8
INT	12	66	3.7
INT	12	67	3.4
INT	12	69	3.5
INT	14	70	3.3
INT	14	71	3.5
INT	14	72	3.2
INT	15	72	3.8
INT	15	73	3.5
INT	15	74	4.0
INT	16	70	4.0
INT	16	71	4.0
INT	16	72	2.8
INT	16	73	2.8
INT	16	75	3.8
INT	16	76	3.3
INT	17	73	3.5
INT	17	77	3.9
INT	18	74	3.8
INT	19	61	3.9
INT	19	62	3.6
INT	19	78	3.5
INT	20	61	3.9
INT	20	62	3.3
INT	20	74	3.9
INT	20	78	2.7
INT	20	79	3.8
INT	21	74	3.5
INT	21	78	3.8
INT	22	74	3.9
INT	22	80	4.0
INT	22	81	3.8
INT	23	80	3.0
INT	23	82	3.2
INT	23	83	3.7
INT	24	81	2.8
INT	24	84	3.4
INT	24	85	4.0
INT	24	86	3.6
INT	25	73	3.7
INT	25	81	3.4
INT	25	84	3.8
INT	25	85	3.9
INT	25	87	4.0
INT	25	88	3.9
INT	26	73	2.9
INT	26	74	3.8
INT	26	77	3.6
INT	26	87	3.7
INT	26	88	3.6
INT	26	89	3.9
INT	27	73	3.8
INT	27	74	3.5
INT	27	77	3.9
INT	27	88	3.6
INT	28	66	3.0
INT	28	67	3.0
INT	28	90	4.0
INT	28	91	3.9
INT	29	66	3.6
INT	29	68	3.2
INT	29	91	3.9
INT	29	92	3.5
INT	30	66	3.0
INT	30	68	2.9
INT	30	69	3.4
INT	30	70	3.2
INT	30	90	3.7
INT	30	93	3.8
INT	31	50	3.6
INT	32	68	4.0
INT	32	70	2.5
INT	32	71	3.9
INT	32	72	2.6
INT	33	50	3.5
INT	33	71	3.5
INT	33	73	3.6
INT	33	74	2.9
INT	33	89	3.5
INT	34	70	3.7
INT	34	71	3.2
INT	34	72	1.9
INT	34	73	3.4
INT	34	76	3.8
INT	35	69	3.6
INT	35	73	2.7
INT	35	75	3.9
INT	35	76	3.4
INT	35	77	3.0
INT	35	87	3.9
INT	35	88	4.0
INT	36	49	3.6
INT	36	57	3.8
INT	36	61	3.5
INT	36	62	3.2
INT	36	67	3.9
INT	36	78	3.4
INT	36	94	3.8
INT	37	80	2.0
INT	37	81	3.4
INT	37	82	3.5
INT	37	83	3.3
INT	37	86	4.0
INT	37	95	3.9
INT	37	96	3.0
INT	37	97	3.5
INT	37	98	3.6
INT	38	78	3.2
INT	38	79	3.9
INT	38	80	3.4
INT	38	82	2.3
INT	38	83	3.4
INT	38	99	4.0
INT	39	73	3.5
INT	39	81	3.1
INT	39	84	3.8
INT	39	85	3.0
INT	39	87	3.8
INT	39	100	3.5
INT	39	101	3.5
INT	39	102	3.8
INT	39	103	3.6
INT	39	104	3.4
INT	39	105	3.8
