LIG	1	C	8.982	23.182	49.516
LIG	2	C	9.670	23.649	48.475
LIG	3	C	10.665	22.851	47.794
LIG	4	C	10.902	21.573	48.264
LIG	5	C	9.939	17.864	51.143
LIG	6	C	9.231	17.253	52.163
LIG	7	C	8.222	18.030	52.852
LIG	8	C	7.968	19.299	52.528
LIG	9	C	8.475	21.272	51.058
LIG	10	N	10.385	19.776	49.768
LIG	11	C	10.196	21.070	49.336
LIG	12	C	8.690	19.965	51.464
LIG	13	C	9.190	21.846	50.020
LIG	14	C	9.691	19.173	50.793
LIG	15	N	11.274	23.326	46.684
LIG	16	N	9.453	15.962	52.502
LIG	17	H	8.249	23.820	49.995
LIG	18	H	9.478	24.658	48.128
LIG	19	H	11.654	20.957	47.783
LIG	20	H	10.700	17.304	50.611
LIG	21	H	7.657	17.568	53.654
LIG	22	H	7.205	19.843	53.073
LIG	23	H	7.724	21.864	51.569
LIG	24	H	11.077	24.283	46.358
LIG	25	H	11.935	22.731	46.164
LIG	26	H	10.173	15.416	52.007
LIG	27	H	8.902	15.525	53.255
PRT	28	O	7.071	24.503	52.627
PRT	29	H	7.923	24.124	52.961
PRT	30	C	9.742	27.042	49.612
PRT	31	C	6.126	23.101	47.037
PRT	32	C	7.191	22.573	46.102
PRT	33	N	7.541	21.313	46.302
PRT	34	H	7.101	20.780	47.079
PRT	35	C	13.080	25.542	49.120
PRT	36	O	7.733	23.295	45.267
PRT	37	O	9.933	25.882	46.254
PRT	38	C	14.097	23.329	49.650
PRT	39	O	14.207	22.393	48.855
PRT	40	C	8.525	20.660	45.461
PRT	41	O	11.883	18.335	47.343
PRT	42	O	11.651	20.299	44.701
PRT	43	H	12.621	20.017	53.092
PRT	44	S	13.681	18.789	50.230
PRT	45	O	10.023	17.215	55.999
PRT	46	C	11.058	19.638	55.095
PRT	47	C	9.554	18.212	56.601
PRT	48	O	6.239	19.985	48.653
PRT	49	C	13.423	21.834	51.434
PRT	50	N	12.171	20.926	53.321
PRT	51	C	14.698	22.474	45.691
PRT	52	O	14.018	23.510	45.545
PRT	53	O	14.176	21.337	45.649
PRT	54	H	14.386	24.820	47.052
PRT	55	C	10.904	24.162	43.302
PRT	56	H	8.489	24.389	44.099
PRT	57	C	5.471	25.191	48.056
PRT	58	O	5.034	24.612	49.046
PRT	59	N	6.027	24.551	47.031
PRT	60	N	6.645	27.373	47.886
PRT	61	H	7.242	27.264	47.041
PRT	62	H	6.393	25.091	46.221
PRT	63	C	12.502	17.263	47.344
PRT	64	C	14.638	18.395	47.593
PRT	65	H	9.620	16.271	47.274
PRT	66	C	11.756	15.948	47.204
PRT	67	C	9.978	19.617	56.181
PRT	68	O	8.119	22.994	54.756
PRT	69	C	9.827	25.038	42.699
PRT	70	N	8.641	25.016	43.283
PRT	71	O	13.820	25.641	43.946
PRT	72	N	14.971	24.639	47.893
INT	1	28	3.9
INT	1	29	3.7
INT	1	30	3.9
INT	1	31	3.8
INT	1	32	3.9
INT	1	33	4.0
INT	1	34	3.9
INT	2	30	3.6
INT	2	31	3.9
INT	2	32	3.6
INT	2	33	3.8
INT	2	35	4.0
INT	2	36	3.8
INT	2	37	3.2
INT	3	32	3.9
INT	3	33	3.8
INT	3	35	3.9
INT	3	36	3.9
INT	3	37	3.5
INT	3	38	3.9
INT	3	39	3.7
INT	3	40	3.9
INT	4	33	3.9
INT	4	38	3.9
INT	4	39	3.5
INT	4	40	3.8
INT	4	41	3.5
INT	4	42	3.9
INT	5	43	4.0
INT	5	44	4.0
INT	6	45	3.9
INT	7	45	3.7
INT	7	46	4.0
INT	7	47	4.0
INT	9	28	3.9
INT	9	29	3.5
INT	9	48	3.5
INT	10	41	3.2
INT	10	44	3.5
INT	11	34	3.8
INT	11	41	3.8
INT	11	49	3.9
INT	12	48	3.7
INT	13	29	3.9
INT	13	34	3.8
INT	13	48	3.7
INT	14	43	3.8
INT	14	50	4.0
INT	15	35	3.8
INT	15	36	3.8
INT	15	37	2.9
INT	15	39	3.8
INT	15	42	3.6
INT	15	51	3.7
INT	15	52	3.0
INT	15	53	3.7
INT	15	54	3.5
INT	15	55	3.5
INT	15	56	3.9
INT	16	45	3.8
INT	17	28	3.0
INT	17	29	3.0
INT	17	30	3.6
INT	17	31	3.7
INT	17	57	3.7
INT	17	58	3.4
INT	17	59	3.8
INT	18	30	2.8
INT	18	31	3.9
INT	18	32	3.7
INT	18	35	3.8
INT	18	36	3.6
INT	18	37	2.3
INT	18	59	3.6
INT	18	60	3.9
INT	18	61	3.6
INT	18	62	3.7
INT	19	38	3.9
INT	19	39	3.1
INT	19	40	3.9
INT	19	41	2.7
INT	19	42	3.2
INT	19	44	3.8
INT	19	51	4.0
INT	19	53	3.3
INT	19	63	3.8
INT	19	64	3.9
INT	20	41	3.6
INT	20	44	3.4
INT	20	63	3.7
INT	20	65	3.7
INT	20	66	3.8
INT	21	45	3.3
INT	21	47	3.6
INT	21	67	4.0
INT	22	68	3.7
INT	23	28	2.9
INT	23	29	2.7
INT	23	48	3.8
INT	23	68	3.4
INT	24	35	3.6
INT	24	36	3.7
INT	24	37	2.0
INT	24	52	3.1
INT	24	54	3.4
INT	24	55	3.1
INT	24	56	3.4
INT	24	69	3.9
INT	24	70	4.0
INT	24	71	3.9
INT	25	37	3.7
INT	25	39	3.5
INT	25	42	2.9
INT	25	51	2.8
INT	25	52	2.3
INT	25	53	2.7
INT	25	54	3.3
INT	25	55	3.4
INT	25	72	4.0
INT	27	45	3.4
